"Contour Data = Velocity Direction degrees"
"C:\Users\sk\Google Диск\sc\2021\kerch_082021\ADCP300\BS21_000.000"
"Broadband 307.2 kHz"
"Pings/Ens ="	50
"Time/Ping = 00:24.00"
"First Ensemble Date = 21/08/09"
"First Ensemble Time = 15:01:34.23"
"Ensemble Interval (s) = "	1200,00
"1st Bin Range (m) = "	2,74
"Bin Size (m) ="	0,50

Ens	YR	MO	DA	HH	MM	SS	HH		1	2	3	4	5	6	7	8	9


9	21	08	09	15	01	34	23		230,4	22,8	40,4	60,9	155,0	339,7	218,8	301,1	296,1
10	21	08	09	15	21	34	23		7,7	93,1	130,6	185,3	51,2	198,7	24,4	23,0	67,3
11	21	08	09	15	41	34	23		45,5	25,0	255,3	78,9	357,8	41,1	318,9	41,9	357,4
12	21	08	09	16	01	34	23		352,8	25,9	6,3	1,7	300,7	316,9	134,4	25,3	30,2
13	21	08	09	16	21	34	23		33,0	86,9	47,7	276,5	329,6	38,9	10,7	30,2	352,9
14	21	08	09	16	41	34	23		356,1	357,8	35,4	234,2	339,3	325,2	308,0	355,0	335,5
15	21	08	09	17	01	34	23		55,0	327,7	23,6	95,7	94,9	27,5	0,0	3,3	127,9
16	21	08	09	17	21	34	23		80,2	309,2	310,9	242,6	176,7	26,6	258,9	4,4	170,0
17	21	08	09	17	41	34	23		333,0	19,8	38,2	334,2	341,9	359,1	38,8	16,3	289,8
18	21	08	09	18	01	34	23		353,2	320,0	23,2	350,8	285,3	12,3	355,4	328,5	78,2
19	21	08	09	18	21	34	23		51,2	353,8	6,5	332,9	241,1	347,0	212,4	39,8	1,3
20	21	08	09	18	41	34	23		359,6	343,5	327,2	335,0	34,3	168,7	123,7	342,6	195,3
21	21	08	09	19	01	34	23		42,5	38,3	13,3	357,5	355,8	66,4	73,0	280,0	313,2
22	21	08	09	19	21	34	23		3,7	346,3	162,3	273,8	29,7	13,0	52,0	300,1	248,9
23	21	08	09	19	41	34	23		332,4	4,4	15,8	58,3	32,2	346,8	337,1	298,3	111,3
24	21	08	09	20	01	34	23		310,6	18,9	344,7	340,8	341,0	80,7	65,3	346,7	79,5
25	21	08	09	20	21	34	23		31,0	8,7	236,6	301,9	78,7	248,3	171,9	21,5	302,4
26	21	08	09	20	41	34	23		237,2	342,8	269,2	239,1	186,7	219,0	203,6	213,5	323,8
27	21	08	09	21	01	34	23		11,7	303,4	180,8	212,8	234,0	219,3	253,7	169,9	263,1
28	21	08	09	21	21	34	23		2,9	350,8	3,9	221,7	261,0	208,0	130,8	175,5	229,9
29	21	08	09	21	41	34	23		81,2	15,4	17,9	87,3	95,8	171,6	72,5	147,9	134,4
30	21	08	09	22	01	34	23		21,3	3,1	28,2	19,9	181,8	55,4	83,8	99,2	217,7
31	21	08	09	22	21	34	23		30,5	38,3	145,0	37,7	58,7	104,4	73,5	95,5	240,8
32	21	08	09	22	41	34	23		13,8	25,2	22,4	42,5	42,8	12,6	25,1	92,6	12,2
33	21	08	09	23	01	34	23		5,0	26,6	39,8	143,1	357,1	345,0	2,6	60,5	353,8
34	21	08	09	23	21	34	23		39,7	19,8	44,6	36,2	70,5	148,4	95,2	128,8	71,4
35	21	08	09	23	41	34	23		253,7	18,8	60,7	66,0	339,2	2,3	19,7	34,8	337,7
36	21	08	10	00	01	34	23		327,7	18,2	27,0	348,6	30,0	4,2	15,7	14,5	292,1
37	21	08	10	00	21	34	23		23,0	93,4	328,0	111,1	48,3	104,4	187,7	23,7	59,9
38	21	08	10	00	41	34	23		23,8	25,3	55,9	25,6	343,8	328,4	45,3	328,4	52,1
39	21	08	10	01	01	34	23		98,4	13,9	43,5	40,9	88,5	48,1	147,4	279,0	242,1
40	21	08	10	01	21	34	23		81,2	8,3	106,7	2,2	9,9	9,6	138,3	56,7	82,9
41	21	08	10	01	41	34	23		44,0	39,7	8,7	7,3	47,9	32,9	344,9	330,4	9,7
42	21	08	10	02	01	34	23		340,0	62,9	346,9	9,1	343,5	57,8	18,2	22,5	350,3
43	21	08	10	02	21	34	23		40,8	350,6	34,6	357,1	357,7	27,3	328,3	31,8	297,9
44	21	08	10	02	41	34	23		64,2	71,8	13,8	47,0	339,6	48,2	74,6	15,4	98,5
45	21	08	10	03	01	34	23		30,8	14,7	32,2	26,7	112,9	35,3	348,7	40,2	87,9
46	21	08	10	03	21	34	23		14,1	37,2	39,0	66,2	36,9	251,4	65,1	33,8	313,9
47	21	08	10	03	41	34	23		5,2	39,6	6,9	34,2	50,5	32,6	27,9	25,9	76,9
48	21	08	10	04	01	34	23		39,1	69,0	345,3	333,2	19,6	13,2	8,0	12,9	18,9
49	21	08	10	04	21	34	23		240,1	358,4	27,1	269,3	78,6	21,1	340,0	82,0	50,8
50	21	08	10	04	41	34	23		98,5	135,8	48,8	2,2	49,1	176,9	348,6	114,6	73,2
51	21	08	10	05	01	34	23		65,0	10,3	10,6	20,2	16,1	8,2	353,9	11,6	28,3
52	21	08	10	05	21	34	23		62,5	259,9	6,8	73,6	43,0	350,8	212,0	316,1	333,1
53	21	08	10	05	41	34	23		15,5	11,1	22,8	26,4	49,9	29,1	348,8	0,5	350,2
54	21	08	10	06	01	34	23		48,6	29,1	24,3	74,4	18,3	341,3	61,8	28,3	101,9
55	21	08	10	06	21	34	23		10,2	97,4	4,9	339,3	55,1	40,8	49,5	89,3	280,4
56	21	08	10	06	41	34	23		76,0	166,0	28,5	88,6	321,1	78,3	246,6	73,8	52,3
57	21	08	10	07	01	34	23		346,8	330,2	353,0	348,5	352,9	39,2	343,8	16,7	19,2
58	21	08	10	07	21	34	23		9,2	36,8	331,3	15,6	8,0	24,8	106,5	346,3	336,5
59	21	08	10	07	41	34	23		38,3	45,0	353,1	36,5	35,2	336,9	349,8	20,2	81,3
60	21	08	10	08	01	34	23		320,0	38,1	342,6	1,0	20,2	350,1	307,0	231,3	45,5
61	21	08	10	08	21	34	23		30,6	11,2	359,4	322,6	25,8	39,0	33,4	33,5	319,5
62	21	08	10	08	41	34	23		74,4	16,5	3,0	15,4	319,0	34,1	359,4	58,5	55,8
63	21	08	10	09	01	34	23		147,8	255,1	0,7	348,7	129,8	49,6	353,9	43,5	346,0
64	21	08	10	09	21	34	23		156,0	53,6	49,1	11,1	318,2	38,4	18,2	350,0	359,8
65	21	08	10	09	41	34	23		72,8	20,0	41,3	25,0	41,9	38,8	4,6	333,4	320,0
66	21	08	10	10	01	34	23		11,3	64,0	29,8	12,8	354,0	287,8	14,3	68,7	174,9
67	21	08	10	10	21	34	23		60,5	50,6	104,4	20,3	228,3	51,1	228,2	221,5	165,1
68	21	08	10	10	41	34	23		26,6	27,4	25,7	37,8	13,2	160,1	329,9	285,6	346,4
69	21	08	10	11	01	34	23		225,2	269,7	358,7	270,6	94,9	132,5	12,2	324,5	314,1
70	21	08	10	11	21	34	23		312,7	109,4	85,6	65,0	60,0	14,6	44,4	273,4	243,6
71	21	08	10	11	41	34	23		227,2	97,0	167,7	20,6	144,9	175,6	175,3	122,7	354,0
72	21	08	10	12	01	34	23		76,4	213,0	24,9	73,1	353,1	56,3	58,5	24,4	324,2
73	21	08	10	12	21	34	23		63,0	67,9	258,2	168,3	162,6	128,0	143,7	43,8	320,4
74	21	08	10	12	41	34	23		9,5	299,6	144,8	120,8	195,0	184,9	5,9	41,8	332,2
75	21	08	10	13	01	34	23		60,3	57,8	326,6	328,2	84,4	163,1	326,3	324,1	22,9
76	21	08	10	13	21	34	23		184,8	179,3	143,3	182,3	157,1	355,5	110,4	123,4	306,5
77	21	08	10	13	41	34	23		186,7	343,0	192,7	304,1	14,7	146,3	40,6	35,3	281,2
78	21	08	10	14	01	34	23		112,6	230,7	164,2	111,6	11,7	71,8	58,6	96,7	153,1
79	21	08	10	14	21	34	23		347,9	76,0	104,9	103,5	18,0	355,4	2,3	93,3	265,2
80	21	08	10	14	41	34	23		294,7	337,3	102,1	271,4	353,7	85,2	155,2	72,6	317,0
81	21	08	10	15	01	34	23		192,1	146,4	167,1	200,9	343,4	121,7	228,2	286,0	74,9
82	21	08	10	15	21	34	23		72,0	111,8	98,3	110,8	53,6	59,7	91,4	54,2	108,2
83	21	08	10	15	41	34	23		181,4	177,3	116,3	284,0	83,7	122,4	78,6	354,2	280,2
84	21	08	10	16	01	34	23		114,0	195,9	251,0	214,7	282,9	112,9	95,4	155,6	313,0
85	21	08	10	16	21	34	23		107,4	78,1	333,4	201,7	174,8	150,6	335,7	25,8	31,8
86	21	08	10	16	41	34	23		101,1	211,9	47,1	66,0	77,8	40,3	107,7	26,3	54,5
87	21	08	10	17	01	34	23		263,6	286,0	70,9	51,4	11,2	326,0	17,5	341,9	68,7
88	21	08	10	17	21	34	23		59,0	57,9	22,4	85,4	347,9	147,4	17,9	354,6	346,5
89	21	08	10	17	41	34	23		37,9	48,6	53,6	48,4	6,4	318,6	109,1	38,7	222,0
90	21	08	10	18	01	34	23		281,3	257,9	284,2	123,7	257,2	349,0	21,1	114,6	316,0
91	21	08	10	18	21	34	23		137,0	44,1	208,1	271,0	211,2	121,5	84,6	266,9	243,9
92	21	08	10	18	41	34	23		3,4	124,4	16,7	301,8	24,7	69,9	309,7	228,7	105,3
93	21	08	10	19	01	34	23		309,6	37,3	67,8	27,9	339,1	26,7	81,5	68,3	138,0
94	21	08	10	19	21	34	23		38,7	83,9	9,1	345,7	65,5	33,1	76,8	14,7	301,8
95	21	08	10	19	41	34	23		302,5	90,0	41,7	74,6	80,4	37,9	26,6	337,5	309,6
96	21	08	10	20	01	34	23		185,2	135,0	347,5	301,1	318,6	217,4	191,1	147,0	305,7
97	21	08	10	20	21	34	23		349,7	66,0	300,0	27,7	326,3	262,6	87,4	350,6	353,1
98	21	08	10	20	41	34	23		27,7	309,5	52,6	76,0	49,0	346,4	328,5	47,0	327,4
99	21	08	10	21	01	34	23		278,9	327,6	300,9	277,9	325,1	333,3	121,8	117,6	270,4
100	21	08	10	21	21	34	23		243,4	47,7	202,6	188,5	192,8	200,5	242,4	184,9	197,6
101	21	08	10	21	41	34	23		8,0	120,7	330,5	178,3	245,2	253,8	209,2	200,5	237,6
102	21	08	10	22	01	34	23		140,3	266,1	136,1	127,8	201,7	241,2	192,8	78,2	177,7
103	21	08	10	22	21	34	23		295,7	49,8	119,1	249,4	35,9	261,4	232,5	212,3	222,7
104	21	08	10	22	41	34	23		219,2	255,5	25,5	20,4	129,4	166,4	190,2	129,9	216,9
105	21	08	10	23	01	34	23		88,0	182,7	250,9	58,6	37,4	211,2	183,2	194,7	210,2
106	21	08	10	23	21	34	23		324,6	355,2	251,1	169,7	197,2	209,5	104,6	154,2	212,5
107	21	08	10	23	41	34	23		143,0	87,5	126,2	169,6	223,0	148,5	110,3	77,3	98,5
108	21	08	11	00	01	34	23		134,6	291,2	42,1	179,5	18,4	225,5	169,4	290,8	173,2
109	21	08	11	00	21	34	23		37,2	345,9	71,2	355,5	32,8	82,8	41,4	86,4	320,9
110	21	08	11	00	41	34	23		320,9	63,0	10,2	341,7	245,3	12,8	30,3	252,0	75,7
111	21	08	11	01	01	34	23		20,9	31,2	350,2	31,3	40,1	27,8	56,3	308,5	343,9
112	21	08	11	01	21	34	23		32,3	3,2	293,9	343,1	86,1	333,1	328,1	354,4	41,6
113	21	08	11	01	41	34	23		59,1	48,3	98,7	55,4	47,2	142,3	324,2	17,4	50,7
114	21	08	11	02	01	34	23		84,8	20,9	313,5	237,6	67,7	341,4	15,9	113,1	42,4
115	21	08	11	02	21	34	23		40,1	336,4	69,6	20,8	293,2	6,7	355,3	323,3	293,7
116	21	08	11	02	41	34	23		78,3	43,8	331,4	329,0	305,3	50,5	14,3	62,4	213,4
117	21	08	11	03	01	34	23		32,8	53,0	305,3	353,8	61,0	72,3	29,1	14,5	309,1
118	21	08	11	03	21	34	23		307,3	78,7	313,5	12,5	343,5	55,2	328,0	355,8	126,1
119	21	08	11	03	41	34	23		92,0	230,0	313,1	351,4	52,0	57,6	11,6	335,9	58,9
120	21	08	11	04	01	34	23		0,6	330,2	299,2	338,4	31,9	76,3	41,8	38,1	348,9
121	21	08	11	04	21	34	23		226,5	337,3	201,8	223,3	343,0	333,0	306,4	23,2	4,7
122	21	08	11	04	41	34	23		152,2	32,7	309,0	41,6	308,2	210,1	39,9	53,5	158,8
123	21	08	11	05	01	34	23		275,8	8,8	59,6	65,5	313,7	38,8	27,5	66,2	174,2
124	21	08	11	05	21	34	23		69,6	83,8	49,4	90,9	25,3	36,3	64,7	132,2	7,8
125	21	08	11	05	41	34	23		26,0	30,7	44,1	119,1	27,1	109,9	320,6	327,7	154,2
126	21	08	11	06	01	34	23		18,6	359,2	45,4	12,2	350,2	325,8	296,1	328,7	112,9
127	21	08	11	06	21	34	23		33,8	19,1	300,3	14,7	327,7	42,1	356,4	191,3	189,2
128	21	08	11	06	41	34	23		255,6	347,3	31,7	28,2	32,9	144,6	103,4	77,7	334,9
129	21	08	11	07	01	34	23		336,0	33,2	16,3	5,0	5,6	1,0	28,8	15,2	63,6
130	21	08	11	07	21	34	23		3,5	73,8	26,0	79,2	256,1	340,3	348,4	128,0	351,3
131	21	08	11	07	41	34	23		112,1	49,9	66,0	28,2	29,0	32,4	59,9	9,9	307,9
132	21	08	11	08	01	34	23		98,9	54,9	27,5	58,8	57,0	10,6	6,4	152,7	173,0
133	21	08	11	08	21	34	23		28,7	11,4	357,9	10,2	23,4	6,4	357,6	39,8	129,5
134	21	08	11	08	41	34	23		5,6	337,5	66,9	334,7	39,6	52,7	8,1	93,7	7,9
135	21	08	11	09	01	34	23		330,9	22,5	31,9	10,8	352,6	37,5	51,8	22,2	326,5
136	21	08	11	09	21	34	23		47,7	60,5	2,3	65,1	70,2	8,7	4,0	11,3	14,3
137	21	08	11	09	41	34	23		347,9	16,6	28,5	342,5	358,3	357,0	32,3	29,0	359,1
138	21	08	11	10	01	34	23		356,2	4,2	31,9	341,1	64,9	53,3	8,2	6,5	331,1
139	21	08	11	10	21	34	23		1,2	103,6	85,4	292,3	306,5	112,4	299,2	261,2	333,9
140	21	08	11	10	41	34	23		36,8	254,9	49,3	17,1	139,6	35,6	19,4	341,6	227,6
141	21	08	11	11	01	34	23		29,1	17,3	14,8	42,5	25,9	33,7	5,5	56,2	356,2
142	21	08	11	11	21	34	23		11,6	43,7	235,9	84,1	25,9	342,6	351,7	350,3	115,2
143	21	08	11	11	41	34	23		29,6	5,1	289,0	59,6	61,2	49,7	103,2	60,7	301,2
144	21	08	11	12	01	34	23		21,8	38,0	13,6	61,6	2,5	293,1	354,5	57,5	346,3
145	21	08	11	12	21	34	23		333,4	339,4	0,0	10,4	290,4	41,7	349,7	343,3	274,7
146	21	08	11	12	41	34	23		324,3	194,5	211,2	305,4	83,8	71,0	72,4	310,9	24,3
147	21	08	11	13	01	34	23		31,5	351,6	53,4	317,0	176,9	300,5	333,0	275,4	76,1
148	21	08	11	13	21	34	23		257,1	115,3	209,0	220,9	137,5	67,2	5,3	320,0	252,3
149	21	08	11	13	41	34	23		99,0	291,3	110,2	38,7	12,4	94,6	136,3	340,2	73,6
150	21	08	11	14	01	34	23		158,6	225,0	216,1	199,2	153,0	178,6	213,0	62,3	243,2
151	21	08	11	14	21	34	23		273,1	270,7	253,1	334,4	203,6	232,8	179,3	148,3	241,9
152	21	08	11	14	41	34	23		146,9	186,3	268,8	214,2	251,3	128,7	66,1	119,0	307,9
153	21	08	11	15	01	34	23		71,6	277,1	57,9	334,4	340,9	288,0	55,9	342,5	20,5
154	21	08	11	15	21	34	23		29,3	39,2	342,1	14,0	292,6	353,5	259,3	33,5	77,0
155	21	08	11	15	41	34	23		341,6	335,0	343,3	1,7	340,5	278,1	27,8	317,1	333,1
156	21	08	11	16	01	34	23		222,4	243,4	205,4	290,3	245,9	272,5	119,7	190,3	310,2
157	21	08	11	16	21	34	23		296,0	265,5	306,1	298,7	118,3	191,8	65,6	115,0	224,0
158	21	08	11	16	41	34	23		336,9	329,0	230,6	167,7	353,0	182,7	216,9	271,7	248,1
159	21	08	11	17	01	34	23		100,9	275,3	342,1	100,1	99,8	340,1	325,3	80,9	257,4
160	21	08	11	17	21	34	23		40,1	229,4	273,4	186,9	173,4	250,4	224,4	253,2	119,9
161	21	08	11	17	41	34	23		18,8	13,6	338,8	14,3	250,9	343,7	257,0	330,9	284,0
162	21	08	11	18	01	34	23		195,6	191,3	116,9	127,6	128,2	10,6	303,7	172,7	260,5
163	21	08	11	18	21	34	23		297,8	272,3	348,7	79,7	353,4	235,9	210,2	143,6	95,9
164	21	08	11	18	41	34	23		15,6	353,4	98,1	333,4	322,2	143,6	233,6	270,7	340,5
165	21	08	11	19	01	34	23		54,2	72,8	84,4	168,1	64,3	271,3	306,3	44,2	2,5
166	21	08	11	19	21	34	23		329,0	131,2	348,4	238,4	55,2	186,0	297,5	93,3	347,6
167	21	08	11	19	41	34	23		305,9	31,0	347,7	136,3	349,6	49,4	162,4	56,5	359,1
168	21	08	11	20	01	34	23		40,6	352,3	295,0	85,4	114,8	129,3	90,0	25,9	112,2
169	21	08	11	20	21	34	23		130,5	349,4	238,7	275,1	296,6	83,0	16,3	0,0	18,8
170	21	08	11	20	41	34	23		172,0	39,4	309,6	302,6	353,0	315,0	349,2	273,5	264,5
171	21	08	11	21	01	34	23		164,5	244,0	301,8	160,6	308,3	327,0	351,3	28,4	316,9
172	21	08	11	21	21	34	23		26,6	88,2	201,2	297,5	194,5	226,2	320,9	47,5	47,8
173	21	08	11	21	41	34	23		327,9	149,2	77,1	299,4	323,7	317,0	293,0	330,0	290,6
174	21	08	11	22	01	34	23		330,8	188,5	150,4	256,3	36,9	37,2	20,0	16,1	331,8
175	21	08	11	22	21	34	23		0,0	311,3	46,3	277,6	3,7	30,5	345,2	325,6	66,8
176	21	08	11	22	41	34	23		0,0	104,7	300,3	4,0	353,3	288,4	236,3	40,2	8,6
177	21	08	11	23	01	34	23		357,3	288,8	308,9	353,3	17,9	307,5	345,3	9,3	319,2
178	21	08	11	23	21	34	23		67,8	121,7	26,8	47,2	293,1	118,2	329,8	168,2	153,1
179	21	08	11	23	41	34	23		25,6	214,5	160,2	15,3	319,6	42,2	7,6	293,1	99,3
180	21	08	12	00	01	34	23		17,7	40,6	47,9	354,2	46,8	185,6	91,8	162,4	166,7
181	21	08	12	00	21	34	23		221,5	40,7	80,3	93,4	116,0	357,3	221,6	43,1	115,6
182	21	08	12	00	41	34	23		337,2	234,6	16,7	256,0	314,1	296,3	52,0	80,2	145,1
183	21	08	12	01	01	34	23		332,1	13,7	61,1	261,7	152,2	20,8	199,6	58,6	208,4
184	21	08	12	01	21	34	23		210,2	124,7	261,0	290,3	151,9	352,9	51,7	294,0	64,9
185	21	08	12	01	41	34	23		10,7	6,4	349,2	199,1	82,0	101,5	15,0	62,6	146,0
186	21	08	12	02	01	34	23		285,8	337,5	165,6	101,3	38,8	56,4	81,3	17,8	284,8
187	21	08	12	02	21	34	23		295,3	328,1	331,8	193,5	302,2	308,2	329,0	348,7	11,9
188	21	08	12	02	41	34	23		177,7	219,1	299,1	37,3	92,5	335,3	127,2	58,7	357,0
189	21	08	12	03	01	34	23		56,0	324,5	358,0	159,3	164,0	123,9	116,5	191,0	239,6
190	21	08	12	03	21	34	23		355,2	21,6	275,8	98,9	47,5	224,5	36,4	91,1	105,6
191	21	08	12	03	41	34	23		74,8	303,7	290,0	320,1	8,7	9,8	194,8	92,6	26,7
192	21	08	12	04	01	34	23		103,7	120,7	86,9	335,1	350,4	76,5	78,7	50,8	89,3
193	21	08	12	04	21	34	23		34,1	349,0	31,1	34,2	124,7	93,0	114,7	36,1	190,4
194	21	08	12	04	41	34	23		296,9	271,3	225,5	358,4	91,2	21,7	315,0	209,7	128,2
195	21	08	12	05	01	34	23		348,9	175,6	39,5	77,7	81,7	113,0	232,1	351,4	313,1
196	21	08	12	05	21	34	23		286,4	124,3	282,0	315,0	49,4	50,4	283,4	282,7	105,5
197	21	08	12	05	41	34	23		24,4	260,1	91,7	24,3	58,8	0,0	140,1	25,3	162,8
198	21	08	12	06	01	34	23		350,4	359,3	7,9	36,0	321,8	2,6	49,4	262,6	57,1
199	21	08	12	06	21	34	23		163,6	35,5	21,4	105,8	292,4	136,7	271,2	43,2	251,2
200	21	08	12	06	41	34	23		316,8	62,6	334,1	47,9	356,2	71,6	309,8	297,6	260,9
201	21	08	12	07	01	34	23		333,1	344,6	69,8	280,5	225,0	302,7	247,8	229,2	238,4
202	21	08	12	07	21	34	23		295,4	276,0	221,1	16,6	12,8	20,7	0,0	35,3	55,2
203	21	08	12	07	41	34	23		325,4	175,3	338,9	264,8	345,2	22,2	322,6	243,8	76,6
204	21	08	12	08	01	34	23		171,3	170,2	348,7	332,8	301,5	40,4	271,4	337,9	121,8
205	21	08	12	08	21	34	23		81,5	23,7	40,5	315,0	13,3	343,6	336,3	276,7	29,1
206	21	08	12	08	41	34	23		270,7	339,4	22,2	339,9	291,7	284,0	112,6	257,5	152,2
207	21	08	12	09	01	34	23		354,3	309,0	6,7	339,4	330,1	261,3	270,0	148,5	225,7
208	21	08	12	09	21	34	23		56,0	335,9	315,0	1,8	300,2	336,5	5,6	351,3	35,0
209	21	08	12	09	41	34	23		117,1	170,7	65,9	74,6	296,6	249,3	126,3	168,0	351,1
210	21	08	12	10	01	34	23		293,4	177,7	61,8	282,8	270,3	306,5	326,1	348,1	299,6