"Contour Data = Velocity Magnitude mm/s"
"C:\Users\sk\Google Диск\sc\2021\kerch_082021\DVS\DVS1.pd0"
"Broadband 2457.6 kHz"
"Pings/Ens ="	1
"Time/Ping = 00:04.00"
"First Ensemble Date = 00/01/01"
"First Ensemble Time = 01:44:09.00"
"Ensemble Interval (s) = "	0,00
"1st Bin Range (m) = "	1,32
"Bin Size (m) ="	1,00

Ens	YR	MO	DA	HH	MM	SS	HH		1	2	3	4	5



21	21	08	09	20	42	48	00		47	56	49	57	46
22	21	08	09	21	02	48	00		67	72	61	70	76
23	21	08	09	21	22	48	00		96	99	99	91	82
24	21	08	09	21	42	48	00		100	97	91	96	89
25	21	08	09	22	02	48	00		75	84	77	86	78
26	21	08	09	22	22	48	00		96	86	91	81	108
27	21	08	09	22	42	48	00		88	89	81	85	78
28	21	08	09	23	02	48	00		81	82	84	88	71
29	21	08	09	23	22	48	00		98	98	91	103	103
30	21	08	09	23	42	48	00		74	75	68	79	70
31	21	08	10	00	02	48	00		102	95	96	92	89
32	21	08	10	00	22	48	00		113	116	101	116	102
33	21	08	10	00	42	48	00		82	83	86	76	71
34	21	08	10	01	02	48	00		88	84	82	91	72
35	21	08	10	01	22	49	00		121	114	122	121	106
36	21	08	10	01	42	49	00		72	72	79	61	65
37	21	08	10	02	02	49	00		79	83	81	88	86
38	21	08	10	02	22	49	00		98	88	95	75	87
39	21	08	10	02	42	49	00		64	65	65	66	59
40	21	08	10	03	02	49	00		68	60	55	57	51
41	21	08	10	03	22	49	00		28	29	34	31	22
42	21	08	10	03	42	49	00		31	27	20	21	37
43	21	08	10	04	02	49	00		71	67	57	52	43
44	21	08	10	04	22	49	00		26	26	36	34	32
45	21	08	10	04	42	49	00		72	68	54	56	58
46	21	08	10	05	02	49	00		54	39	42	40	83
47	21	08	10	05	22	49	00		24	24	27	19	33
48	21	08	10	05	42	49	00		56	43	52	63	65
49	21	08	10	06	02	49	00		39	37	36	42	30
50	21	08	10	06	22	49	00		29	25	39	31	18
51	21	08	10	06	42	49	00		39	28	33	48	32
52	21	08	10	07	02	49	00		13	19	21	1	26
53	21	08	10	07	22	49	00		23	15	13	8	45
54	21	08	10	07	42	49	00		17	22	40	29	41
55	21	08	10	08	02	49	00		12	10	4	14	13
56	21	08	10	08	22	49	00		76	81	61	52	46
57	21	08	10	08	42	49	00		6	17	24	25	34
58	21	08	10	09	02	49	00		29	16	17	19	9
59	21	08	10	09	22	49	00		24	13	18	30	34
60	21	08	10	09	42	49	00		27	18	29	32	32
61	21	08	10	10	02	49	00		35	33	30	36	57
62	21	08	10	10	22	49	00		56	39	41	24	16
63	21	08	10	10	42	49	00		48	32	29	22	42
64	21	08	10	11	02	49	00		29	24	26	37	36
65	21	08	10	11	22	49	00		36	34	35	29	29
66	21	08	10	11	42	49	00		35	37	28	42	46
67	21	08	10	12	02	49	00		46	55	63	52	52
68	21	08	10	12	22	49	00		34	33	34	47	28
69	21	08	10	12	42	49	00		29	12	18	16	8
70	21	08	10	13	02	49	00		59	55	54	54	57
71	21	08	10	13	22	49	00		21	16	22	30	30
72	21	08	10	13	42	49	00		48	44	45	36	12
73	21	08	10	14	02	49	00		44	43	38	60	45
74	21	08	10	14	22	49	00		52	54	39	52	46
75	21	08	10	14	42	49	00		12	12	12	18	29
76	21	08	10	15	02	49	00		18	14	17	20	28
77	21	08	10	15	22	49	00		49	36	48	70	49
78	21	08	10	15	42	49	00		40	40	33	36	40
79	21	08	10	16	02	49	00		9	20	29	19	22
80	21	08	10	16	22	49	00		33	32	48	29	21
81	21	08	10	16	42	49	00		34	28	31	13	14
82	21	08	10	17	02	49	00		17	23	37	21	21
83	21	08	10	17	22	49	00		40	34	45	45	33
84	21	08	10	17	42	49	00		20	13	16	21	13
85	21	08	10	18	02	49	00		19	15	15	19	16
86	21	08	10	18	22	49	00		44	45	47	39	37
87	21	08	10	18	42	49	00		51	56	42	29	56
88	21	08	10	19	02	49	00		12	29	36	20	35
89	21	08	10	19	22	49	00		33	17	40	34	32
90	21	08	10	19	42	49	00		11	10	17	25	29
91	21	08	10	20	02	49	00		22	18	10	20	13
92	21	08	10	20	22	49	00		13	7	6	19	19
93	21	08	10	20	42	49	00		26	40	48	41	40
94	21	08	10	21	02	49	00		27	14	26	37	15
95	21	08	10	21	22	49	00		28	14	20	27	17
96	21	08	10	21	42	49	00		9	26	13	16	11
97	21	08	10	22	02	49	00		34	21	17	19	21
98	21	08	10	22	22	49	00		21	25	27	45	39
99	21	08	10	22	42	49	00		39	45	46	53	67
100	21	08	10	23	02	49	00		60	69	67	64	80
101	21	08	10	23	22	49	00		17	21	25	32	30
102	21	08	10	23	42	49	00		30	41	44	43	54
103	21	08	11	00	02	49	00		41	37	43	18	31
104	21	08	11	00	22	49	00		57	63	62	50	49
105	21	08	11	00	42	49	00		41	35	27	26	33
106	21	08	11	01	02	49	00		15	30	32	26	33
107	21	08	11	01	22	49	00		30	41	61	69	48
108	21	08	11	01	42	49	00		10	17	12	13	17
109	21	08	11	02	02	49	00		11	21	32	20	23
110	21	08	11	02	22	49	00		14	13	21	9	15
111	21	08	11	02	42	49	00		26	35	21	33	34
112	21	08	11	03	02	49	00		23	13	21	27	31
113	21	08	11	03	22	49	00		14	18	38	25	8
114	21	08	11	03	42	49	00		7	5	10	7	11
115	21	08	11	04	02	49	00		36	32	35	46	24
116	21	08	11	04	22	49	00		10	10	11	9	10
117	21	08	11	04	42	49	00		55	49	51	48	41
118	21	08	11	05	02	49	00		22	20	21	18	19
119	21	08	11	05	22	49	00		12	19	11	19	24
120	21	08	11	05	42	49	00		24	19	31	8	23
121	21	08	11	06	02	49	00		29	25	27	22	22
122	21	08	11	06	22	49	00		41	47	44	46	21
123	21	08	11	06	42	49	00		17	33	17	21	26
124	21	08	11	07	02	49	00		25	27	34	31	32
125	21	08	11	07	22	49	00		13	23	7	7	19
126	21	08	11	07	42	49	00		6	5	1	9	8
127	21	08	11	08	02	49	00		21	17	29	24	30
128	21	08	11	08	22	49	00		26	21	4	10	20
129	21	08	11	08	42	49	00		18	19	19	11	34
130	21	08	11	09	02	49	00		39	26	26	35	45
131	21	08	11	09	22	49	00		35	36	32	37	32
132	21	08	11	09	42	49	00		45	50	52	60	51
133	21	08	11	10	02	49	00		31	44	41	39	24
134	21	08	11	10	22	49	00		18	16	20	17	19
135	21	08	11	10	42	49	00		3	16	15	21	6
136	21	08	11	11	02	49	00		11	17	13	22	20
137	21	08	11	11	22	49	00		17	25	19	18	19
138	21	08	11	11	42	49	00		34	23	32	29	40
139	21	08	11	12	02	49	00		53	52	54	60	32
140	21	08	11	12	22	49	00		43	32	43	38	46
141	21	08	11	12	42	49	00		8	14	15	19	28
142	21	08	11	13	02	49	00		13	7	15	14	22
143	21	08	11	13	22	49	00		24	31	28	27	29
144	21	08	11	13	42	49	00		45	46	60	42	63
145	21	08	11	14	02	49	00		28	26	28	27	19
146	21	08	11	14	22	49	00		38	42	41	17	24
147	21	08	11	14	42	49	00		43	53	44	33	36
148	21	08	11	15	02	49	00		42	27	32	34	35
149	21	08	11	15	22	49	00		24	20	30	34	32
150	21	08	11	15	42	49	00		41	47	40	43	33
151	21	08	11	16	02	49	00		31	25	38	26	35
152	21	08	11	16	22	49	00		25	33	21	38	44
153	21	08	11	16	42	49	00		10	13	9	10	26
154	21	08	11	17	02	49	00		55	43	37	55	45
155	21	08	11	17	22	49	00		11	14	42	40	28
156	21	08	11	17	42	49	00		4	6	7	4	16
157	21	08	11	18	02	49	00		12	8	15	25	38
158	21	08	11	18	22	49	00		40	32	37	30	23
159	21	08	11	18	42	49	00		65	60	51	42	30
160	21	08	11	19	02	49	00		27	20	15	26	33
161	21	08	11	19	22	49	00		41	25	24	19	38
162	21	08	11	19	42	49	00		28	34	33	45	51
163	21	08	11	20	02	49	00		49	41	55	41	28
164	21	08	11	20	22	49	00		19	12	26	14	22
165	21	08	11	20	42	49	00		11	1	8	25	28
166	21	08	11	21	02	49	00		44	44	40	48	53
167	21	08	11	21	22	49	00		46	48	66	71	80
168	21	08	11	21	42	49	00		35	42	43	54	96
169	21	08	11	22	02	49	00		23	11	18	9	6
170	21	08	11	22	22	49	00		22	21	10	11	13
171	21	08	11	22	42	49	00		35	31	41	51	57
172	21	08	11	23	02	49	00		16	29	23	30	6
173	21	08	11	23	22	49	00		49	65	72	74	75
174	21	08	11	23	42	49	00		56	63	62	74	69
175	21	08	12	00	02	49	00		20	21	24	25	26
176	21	08	12	00	22	49	00		24	26	43	43	48
177	21	08	12	00	42	49	00		17	7	12	8	25
178	21	08	12	01	02	49	00		29	52	60	74	59
179	21	08	12	01	22	49	00		45	35	22	11	27
180	21	08	12	01	42	49	00		4	7	11	6	16
181	21	08	12	02	02	49	00		29	26	30	27	23
182	21	08	12	02	22	49	00		8	5	10	6	9
183	21	08	12	02	42	49	00		27	28	30	32	17
184	21	08	12	03	02	49	00		32	37	12	15	29
185	21	08	12	03	22	49	00		21	35	32	13	18
186	21	08	12	03	42	49	00		17	4	9	21	10
187	21	08	12	04	02	49	00		17	23	19	15	18
188	21	08	12	04	22	49	00		48	57	64	51	53
189	21	08	12	04	42	49	00		37	49	44	39	25
190	21	08	12	05	02	49	00		2	14	1	3	16
191	21	08	12	05	22	49	00		49	47	53	56	57
192	21	08	12	05	42	49	00		39	39	47	39	30
193	21	08	12	06	02	49	00		34	31	39	43	35
194	21	08	12	06	22	49	00		53	50	57	64	62
195	21	08	12	06	42	49	00		29	22	27	18	19
196	21	08	12	07	02	49	00		25	32	30	30	33
197	21	08	12	07	22	49	00		39	45	25	35	36
198	21	08	12	07	42	49	00		48	46	51	68	64
199	21	08	12	08	02	49	00		28	29	26	27	4
200	21	08	12	08	22	49	00		8	6	13	12	23
201	21	08	12	08	42	49	00		34	43	36	47	24
202	21	08	12	09	02	49	00		36	37	30	47	35
203	21	08	12	09	22	49	00		20	28	21	30	13
204	21	08	12	09	42	49	00		37	44	25	28	39
205	21	08	12	10	02	49	00		37	24	22	16	40
206	21	08	12	10	22	49	00		42	33	45	35	42
207	21	08	12	10	42	49	00		26	20	27	27	34
208	21	08	12	11	02	49	00		37	11	20	17	13
209	21	08	12	11	22	49	00		31	34	38	41	24
210	21	08	12	11	42	49	00		22	9	15	19	33
211	21	08	12	12	02	49	00		80	68	57	54	65