Seaguard RCM DW
Product number:	4451
Serial number:	184

		System Parameters(0)				Conductivity #517(517)		DCS #352(352)													Pressure #363(363)		Temperature #318(318)	Depth and Salinity(Virtual)(0)
Record	Time tag (Gmt)	Battery Voltage(V)	Memory Used(Bytes)	Last Interval(ms)	Time Correction(ms)	Conductivity(mS/cm)	Temperature(Deg.C)	Abs Speed(cm/s)	Direction(Deg.M)	North(cm/s)	East(cm/s)	Heading(Deg.M)	Tilt X(Deg)	Tilt Y(Deg)	SP Std(cm/s)	Strength(dB)	Ping Count	Abs Tilt(Deg)	Max Tilt(Deg)	Std Tilt(Deg)	Pressure(kPa)	Temperature(DegC)	Temperature(DegC)	Depth(m)	Salinity(PSU)	Density(kg/m^3)	Latitude(Deg)	Air Pressure(kPa)
0	09.08.21 14:03:58	8.976	9416704	1798793	0.000	0.014	29.450	40.449	349.224	39.736	-7.563	218.672	38.827	32.851	106.971	-64.979	50	63.999	80.001	28.547	98.128	29.556	29.848	-0.315	0.016	995.708	44.000	101.300
1	09.08.21 14:33:58	8.969	9433088	1798992	0.000	0.013	30.376	21.666	354.269	21.557	-2.163	215.192	46.279	42.505	98.598	-69.448	50	78.198	80.558	1.046	98.277	30.522	30.663	-0.300	0.016	995.460	44.000	101.300
2	09.08.21 15:03:58	8.963	9433088	1798994	0.000	0.014	31.271	35.112	42.722	25.795	23.822	34.626	42.504	46.249	114.428	-69.350	50	78.886	84.626	2.068	98.396	31.272	31.631	-0.288	0.017	995.159	44.000	101.300
3	09.08.21 15:33:58	8.976	9437184	1798994	0.000	0.013	32.148	50.487	166.926	-49.178	11.421	34.043	41.469	47.278	116.833	-69.368	50	78.873	80.874	1.084	98.512	32.149	32.397	-0.277	0.017	994.914	44.000	101.300
4	09.08.21 16:03:58	8.976	9437184	1798994	0.000	0.012	32.755	38.023	11.125	37.309	7.336	33.769	41.464	47.292	101.436	-69.380	50	78.886	80.534	0.772	98.523	32.719	33.057	-0.275	0.016	994.699	44.000	101.300
5	09.08.21 16:33:58	8.976	9437184	1798994	0.000	0.010	33.706	29.968	16.129	28.788	8.325	33.540	41.844	46.926	120.615	-69.343	50	78.895	80.502	0.943	98.719	33.617	34.026	-0.256	0.016	994.378	44.000	101.300
6	09.08.21 17:03:58	8.982	9437184	1798994	0.000	0.010	33.775	23.363	344.267	22.488	-6.335	11.428	41.448	47.163	115.384	-69.366	50	78.909	90.000	4.434	98.768	33.513	33.166	-0.251	0.016	994.663	44.000	101.300
7	09.08.21 17:33:58	8.976	9437184	1798994	0.000	0.013	31.506	18.934	75.668	4.687	18.345	48.680	41.726	47.614	117.967	-69.319	50	82.202	90.000	6.558	98.611	31.116	31.229	-0.267	0.016	995.285	44.000	101.300
8	09.08.21 18:03:58	8.969	9437184	1798994	0.000	0.014	30.775	33.564	291.915	12.527	-31.139	80.646	41.065	48.499	105.630	-69.404	50	82.345	90.000	8.425	98.513	30.622	30.694	-0.276	0.017	995.451	44.000	101.300
9	09.08.21 18:33:58	8.946	9437184	1798994	0.000	0.014	29.004	36.103	333.999	32.449	-15.827	305.737	-19.517	-51.754	110.848	-69.350	50	83.357	90.000	8.741	98.300	28.491	28.824	-0.298	0.016	996.011	44.000	101.300
10	09.08.21 19:03:58	8.928	9437184	1798993	0.000	0.067	27.514	3.873	249.720	-1.342	-3.633	320.298	-24.252	-55.778	93.221	-66.796	50	75.416	90.000	24.331	98.233	27.235	27.301	-0.304	0.036	996.460	44.000	101.300
11	09.08.21 19:33:58	8.922	9437184	1798994	0.000	30.192	26.406	9.791	153.404	-8.755	4.384	358.542	0.008	1.536	6.563	-28.556	50	2.997	82.202	11.468	159.488	26.419	26.429	5.772	18.131	1010.263	44.000	101.300
12	09.08.21 20:03:58	8.922	9437184	1798993	0.000	30.185	26.457	9.089	125.679	-5.301	7.383	6.963	0.636	0.418	4.772	-29.072	50	1.523	4.080	0.820	159.520	26.439	26.447	5.775	18.120	1010.250	44.000	101.300
13	09.08.21 20:33:58	8.910	9437184	1798994	0.000	30.171	26.409	9.757	125.423	-5.655	7.951	10.848	0.956	0.388	4.571	-28.915	50	1.605	4.195	1.124	159.560	26.410	26.413	5.779	18.124	1010.262	44.000	101.300
14	09.08.21 21:03:58	8.922	9437184	1798994	0.000	30.178	26.472	8.646	124.770	-4.931	7.102	10.270	1.205	0.306	4.398	-28.348	50	1.779	4.845	1.173	159.524	26.476	26.480	5.776	18.102	1010.226	44.000	101.300
15	09.08.21 21:33:58	8.922	9437184	1798994	0.000	30.223	26.534	9.552	131.498	-6.329	7.154	11.983	0.797	0.345	4.933	-29.404	50	1.392	3.933	0.891	159.399	26.538	26.544	5.763	18.107	1010.211	44.000	101.300
16	09.08.21 22:03:58	8.910	9437184	1798994	0.000	30.314	26.611	8.491	137.103	-6.221	5.780	11.802	1.043	0.315	4.533	-28.835	50	1.677	4.519	1.164	159.782	26.654	26.691	5.801	18.110	1010.170	44.000	101.300
17	09.08.21 22:33:58	8.922	9437184	1798994	0.000	30.331	26.758	8.452	125.865	-4.952	6.849	12.520	1.139	0.336	5.075	-29.008	50	1.755	4.263	0.958	160.178	26.753	26.748	5.840	18.099	1010.145	44.000	101.300
18	09.08.21 23:03:58	8.917	9437184	1798994	0.000	30.379	26.747	9.352	121.459	-4.881	7.978	12.702	0.872	0.455	4.809	-28.789	50	1.733	4.347	1.093	159.742	26.795	26.820	5.797	18.103	1010.127	44.000	101.300
19	09.08.21 23:33:58	8.917	9437184	1798994	0.000	30.338	26.675	10.474	129.998	-6.733	8.024	14.366	0.756	0.490	4.687	-28.943	50	1.501	4.127	1.001	159.950	26.652	26.655	5.818	18.140	1010.203	44.000	101.300
20	10.08.21 00:03:58	8.910	9437184	1798994	0.000	30.397	26.866	10.672	135.664	-7.633	7.459	12.999	0.974	0.395	4.685	-29.408	50	1.659	3.914	0.935	159.839	26.901	26.898	5.807	18.085	1010.090	44.000	101.300
21	10.08.21 00:33:58	8.917	9437184	1798994	0.000	30.217	26.943	8.598	126.897	-5.162	6.876	11.875	1.296	0.438	4.998	-30.116	50	1.844	4.180	0.948	159.869	26.952	26.951	5.810	17.947	1009.971	44.000	101.300
22	10.08.21 01:03:58	8.922	9437184	1798994	0.000	30.215	27.239	9.170	127.248	-5.550	7.300	13.011	1.125	0.427	4.538	-30.492	50	1.600	3.943	0.870	160.148	27.314	27.320	5.837	17.805	1009.754	44.000	101.300
23	10.08.21 01:33:58	8.917	9437184	1798994	0.000	30.217	27.294	11.129	115.717	-4.829	10.027	15.538	1.077	0.633	4.822	-31.426	50	1.677	4.806	0.950	160.129	27.311	27.319	5.836	17.807	1009.756	44.000	101.300
24	10.08.21 02:03:58	8.922	9437184	1798994	0.000	30.231	27.313	10.184	122.572	-5.483	8.582	15.420	0.963	0.522	4.952	-31.659	50	1.745	4.260	1.021	159.862	27.329	27.331	5.809	17.812	1009.756	44.000	101.300
25	10.08.21 02:33:58	8.917	9437184	1798994	0.000	30.233	27.342	11.638	132.526	-7.866	8.577	17.483	0.883	0.397	5.023	-31.455	50	1.493	3.826	0.905	159.807	27.323	27.323	5.804	17.816	1009.762	44.000	101.300
26	10.08.21 03:03:58	8.917	9437184	1798995	0.000	30.216	27.298	10.792	128.365	-6.698	8.462	17.988	1.080	0.448	4.713	-31.825	50	1.817	3.681	0.928	159.822	27.298	27.300	5.805	17.814	1009.767	44.000	101.300
27	10.08.21 03:33:58	8.917	9437184	1798994	0.000	30.212	27.316	12.358	122.856	-6.705	10.381	17.651	1.088	0.421	4.363	-31.744	50	1.727	3.963	1.020	160.187	27.300	27.303	5.841	17.810	1009.763	44.000	101.300
28	10.08.21 04:03:58	8.922	9437184	1798994	0.000	30.208	27.303	12.572	122.679	-6.788	10.582	17.826	0.647	0.658	5.062	-31.931	50	1.723	4.527	0.995	159.959	27.284	27.285	5.819	17.814	1009.772	44.000	101.300
29	10.08.21 04:33:58	8.917	9437184	1798994	0.000	30.212	27.299	12.871	140.424	-9.921	8.200	18.759	0.557	0.579	4.636	-32.499	50	1.671	3.695	0.839	159.560	27.293	27.294	5.779	17.813	1009.768	44.000	101.300
30	10.08.21 05:03:58	8.917	9437184	1798994	0.000	30.212	27.284	9.938	136.777	-7.242	6.806	18.269	1.242	0.401	4.921	-32.380	50	1.845	4.339	0.953	159.728	27.286	27.287	5.796	17.816	1009.772	44.000	101.300
31	10.08.21 05:33:58	8.917	9437184	1798994	0.000	30.212	27.288	10.189	143.567	-8.197	6.051	17.279	1.219	0.495	4.602	-32.457	50	1.943	5.262	1.220	159.353	27.285	27.284	5.759	17.817	1009.774	44.000	101.300
32	10.08.21 06:03:58	8.910	9437184	1798994	0.000	30.213	27.262	8.237	133.470	-5.667	5.978	13.437	1.131	0.506	5.765	-32.582	50	1.973	5.167	1.136	159.803	27.275	27.276	5.803	17.821	1009.779	44.000	101.300
33	10.08.21 06:33:58	8.910	9437184	1798994	0.000	30.236	27.166	6.478	118.280	-3.069	5.705	9.372	0.957	0.519	5.560	-33.028	50	2.105	5.440	1.240	160.099	26.952	26.715	5.833	18.050	1010.118	44.000	101.300
34	10.08.21 07:03:58	8.917	9437184	1798993	0.000	30.199	27.244	6.969	133.237	-4.774	5.077	3.857	1.099	0.367	4.852	-31.773	50	2.110	5.423	1.289	159.515	27.231	27.226	5.775	17.831	1009.802	44.000	101.300
35	10.08.21 07:33:58	8.940	9437184	1798994	0.000	30.185	27.121	8.766	143.979	-7.090	5.155	354.018	0.832	0.215	6.260	-31.378	50	1.656	4.662	0.916	159.847	27.197	27.204	5.808	17.830	1009.808	44.000	101.300
36	10.08.21 08:03:58	8.910	9437184	1798994	0.000	30.200	27.148	6.686	131.170	-4.402	5.033	350.791	0.909	0.314	5.684	-32.013	50	2.102	5.454	1.175	159.423	27.176	27.176	5.766	17.850	1009.831	44.000	101.300
37	10.08.21 08:33:58	8.917	9437184	1798994	0.000	30.253	26.938	5.651	126.584	-3.368	4.537	350.920	0.942	0.420	6.062	-31.734	50	1.995	5.455	1.242	159.416	26.975	26.912	5.765	17.985	1010.011	44.000	101.300
38	10.08.21 09:03:58	8.910	9437184	1798993	0.000	30.248	26.924	6.306	76.279	1.496	6.126	349.221	1.402	0.350	5.567	-31.843	50	2.386	5.413	1.340	159.221	27.070	27.032	5.746	17.936	1009.938	44.000	101.300
39	10.08.21 09:33:58	8.910	9437184	1798994	0.000	30.293	26.817	6.330	112.050	-2.376	5.867	353.729	1.193	0.238	5.661	-31.261	50	2.161	5.825	1.394	159.592	26.811	26.811	5.782	18.050	1010.090	44.000	101.300
40	10.08.21 10:03:58	8.904	9437184	1798994	0.000	30.294	26.928	6.923	90.736	-0.089	6.922	354.691	0.654	0.344	6.196	-32.552	50	2.142	5.531	1.120	160.250	26.939	26.942	5.848	18.001	1010.014	44.000	101.300
41	10.08.21 10:33:58	8.910	9437184	1798993	0.000	30.249	27.108	5.394	82.468	0.707	5.348	350.059	1.219	0.591	6.340	-31.167	50	2.222	5.975	1.301	160.510	27.071	27.059	5.873	17.927	1009.924	44.000	101.300
42	10.08.21 11:03:58	8.910	9437184	1798994	0.000	30.222	27.081	9.242	128.814	-5.793	7.202	352.450	0.933	0.329	5.679	-32.326	50	2.200	6.534	1.322	159.503	27.077	27.085	5.773	17.899	1009.895	44.000	101.300
43	10.08.21 11:33:58	8.910	9437184	1798994	0.000	30.211	27.091	7.689	120.053	-3.851	6.656	334.146	1.007	0.320	6.255	-31.682	50	2.390	6.054	1.419	160.233	27.091	27.094	5.846	17.888	1009.884	44.000	101.300
44	10.08.21 12:03:58	8.904	9437184	1798993	0.000	30.201	27.084	3.776	90.986	-0.065	3.775	313.292	0.757	0.183	6.738	-31.199	50	3.123	7.915	1.909	159.524	27.084	27.085	5.776	17.885	1009.885	44.000	101.300
45	10.08.21 12:33:58	8.904	9437184	1798994	0.000	30.217	27.106	7.545	114.119	-3.083	6.886	299.620	0.501	0.321	6.842	-30.893	50	3.055	8.203	1.669	159.797	27.092	27.093	5.803	17.893	1009.888	44.000	101.300
46	10.08.21 13:03:58	8.904	9437184	1798993	0.000	30.201	27.079	5.186	51.253	3.246	4.045	305.778	0.750	0.185	6.244	-31.159	50	2.518	6.410	1.503	159.532	27.059	27.059	5.776	17.895	1009.900	44.000	101.300
47	10.08.21 13:33:58	8.898	9437184	1798994	0.000	30.201	27.086	4.286	55.221	2.445	3.521	304.256	1.086	0.125	5.944	-31.030	50	2.572	5.984	1.296	160.124	27.068	27.069	5.835	17.891	1009.894	44.000	101.300
48	10.08.21 14:03:58	8.904	9437184	1798994	0.000	30.211	27.066	6.297	32.325	5.321	3.367	307.178	1.111	0.290	6.436	-30.400	50	2.064	6.625	1.284	160.484	27.063	27.063	5.871	17.900	1009.903	44.000	101.300
49	10.08.21 14:33:58	8.904	9437184	1798994	0.000	30.239	27.084	5.491	94.313	-0.413	5.475	301.138	0.673	0.222	5.741	-29.974	50	2.169	5.024	1.282	160.429	27.076	27.076	5.865	17.913	1009.909	44.000	101.300
50	10.08.21 15:03:58	8.904	9433088	1798994	0.000	30.248	27.086	5.838	114.348	-2.407	5.318	294.463	0.800	-0.182	5.812	-30.651	50	2.134	5.828	1.133	159.188	27.075	27.074	5.742	17.920	1009.914	44.000	101.300
51	10.08.21 15:33:58	8.898	9437184	1798993	0.000	30.255	27.082	7.500	124.049	-4.199	6.214	292.452	0.642	0.012	6.557	-30.987	50	2.600	6.371	1.303	159.522	27.076	27.073	5.775	17.925	1009.918	44.000	101.300
52	10.08.21 16:03:58	8.904	9441280	1798993	0.000	30.257	27.123	2.376	64.230	1.033	2.139	296.390	0.734	-0.337	5.936	-30.766	50	2.302	6.777	1.338	159.615	27.104	27.102	5.785	17.915	1009.902	44.000	101.300
53	10.08.21 16:33:58	8.898	9445376	1798993	0.000	30.274	27.123	5.503	75.150	1.410	5.319	297.389	0.972	0.077	5.741	-30.105	50	2.208	5.189	1.148	159.902	27.108	27.108	5.813	17.924	1009.907	44.000	101.300
54	10.08.21 17:03:58	8.898	9445376	1798994	0.000	30.275	27.089	6.373	86.728	0.364	6.363	295.671	0.651	-0.052	6.162	-30.263	50	1.850	4.885	0.954	159.215	27.103	27.102	5.745	17.927	1009.911	44.000	101.300
55	10.08.21 17:33:58	8.904	9445376	1798995	0.000	30.275	27.126	2.830	153.496	-2.532	1.263	293.451	0.814	-0.562	5.841	-30.258	50	2.288	5.500	1.076	159.898	27.106	27.107	5.813	17.925	1009.908	44.000	101.300
56	10.08.21 18:03:58	8.892	9445376	1798993	0.000	30.271	27.114	6.670	112.811	-2.586	6.148	293.939	0.956	0.101	5.966	-30.310	50	2.188	4.808	1.019	159.496	27.097	27.096	5.773	17.927	1009.912	44.000	101.300
57	10.08.21 18:33:58	8.892	9445376	1798994	0.000	30.270	27.096	6.591	138.398	-4.928	4.376	293.424	0.799	-0.139	5.498	-30.788	50	2.166	5.158	1.030	159.683	27.087	27.086	5.791	17.930	1009.918	44.000	101.300
58	10.08.21 19:03:58	8.898	9445376	1798993	0.000	30.292	27.099	7.507	136.312	-5.428	5.185	295.334	0.790	0.206	4.811	-31.736	50	2.026	4.575	1.023	159.066	27.079	27.079	5.730	17.947	1009.932	44.000	101.300
59	10.08.21 19:33:58	8.898	9445376	1798994	0.000	30.293	27.113	5.546	141.331	-4.330	3.465	295.390	1.186	0.321	5.127	-31.867	50	2.176	3.551	0.815	158.889	27.088	27.086	5.713	17.945	1009.929	44.000	101.300
60	10.08.21 20:03:58	8.898	9449472	1798993	0.000	30.296	27.077	5.514	144.617	-4.496	3.193	293.324	0.823	0.157	5.552	-32.109	50	2.164	4.763	1.037	159.150	27.073	27.076	5.738	17.950	1009.936	44.000	101.300
61	10.08.21 20:33:58	8.892	9449472	1798994	0.000	30.280	27.087	6.602	143.821	-5.329	3.897	291.069	0.694	-0.003	5.679	-31.756	50	2.395	5.352	1.309	159.142	27.057	27.060	5.738	17.947	1009.938	44.000	101.300
62	10.08.21 21:03:58	8.898	9449472	1798994	0.000	30.282	27.076	4.491	138.293	-3.352	2.988	289.865	1.047	-0.210	6.144	-31.151	50	2.450	5.125	1.099	159.640	27.053	27.056	5.787	17.949	1009.941	44.000	101.300
63	10.08.21 21:33:58	8.892	9449472	1798994	0.000	30.276	27.057	5.877	129.326	-3.724	4.546	289.697	1.131	0.381	5.087	-30.725	50	2.246	4.152	0.898	159.312	27.049	27.050	5.755	17.948	1009.942	44.000	101.300
64	10.08.21 22:03:58	8.892	9449472	1798994	0.000	30.267	27.049	4.055	105.623	-1.092	3.905	291.385	1.086	0.087	5.576	-30.690	50	2.091	3.643	0.828	159.671	27.039	27.039	5.790	17.946	1009.944	44.000	101.300
65	10.08.21 22:33:58	8.892	9449472	1798994	0.000	30.269	27.018	6.701	122.968	-3.647	5.622	291.161	1.064	0.301	5.299	-31.007	50	2.239	4.925	1.107	159.292	27.036	27.037	5.753	17.948	1009.946	44.000	101.300
66	10.08.21 23:03:58	8.886	9445376	1798994	0.000	30.264	27.017	5.466	96.880	-0.655	5.427	291.331	1.010	0.286	5.299	-31.643	50	2.030	3.841	0.991	159.380	27.017	27.018	5.761	17.951	1009.954	44.000	101.300
67	10.08.21 23:33:58	8.892	9445376	1798994	0.000	30.282	27.027	5.985	69.556	2.090	5.608	295.616	1.110	0.288	5.498	-32.095	50	2.001	4.313	1.002	159.349	27.026	27.027	5.758	17.960	1009.958	44.000	101.300
68	11.08.21 00:03:58	8.898	9445376	1798993	0.000	30.271	26.997	5.709	56.086	3.185	4.738	297.696	1.013	0.132	4.987	-32.536	50	2.057	4.584	0.984	159.454	26.996	26.998	5.769	17.964	1009.970	44.000	101.300
69	11.08.21 00:33:58	8.892	9445376	1798994	0.000	30.264	26.943	4.084	67.480	1.564	3.773	295.727	1.137	0.005	4.984	-31.980	50	2.008	4.366	0.974	159.695	26.944	26.947	5.793	17.979	1009.996	44.000	101.300
70	11.08.21 01:03:58	8.892	9449472	1798993	0.000	30.280	26.995	5.263	85.179	0.442	5.245	290.615	0.965	0.066	5.403	-32.180	50	2.001	4.666	1.067	159.842	26.969	26.971	5.807	17.981	1009.990	44.000	101.300
71	11.08.21 01:33:58	8.892	9449472	1798993	0.000	30.288	26.988	4.567	54.601	2.646	3.723	292.882	1.669	0.871	5.616	-32.601	50	2.397	5.337	1.198	159.454	26.987	26.985	5.769	17.980	1009.985	44.000	101.300
72	11.08.21 02:03:58	8.892	9461760	1798994	0.000	30.294	26.985	3.950	50.888	2.492	3.065	297.046	1.096	0.291	4.597	-31.595	50	2.059	3.971	0.881	159.581	26.984	26.982	5.781	17.985	1009.990	44.000	101.300
73	11.08.21 02:33:58	8.892	9461760	1798994	0.000	30.300	26.943	3.040	64.302	1.318	2.739	292.869	1.153	-0.003	5.150	-31.097	50	2.085	4.755	0.972	159.223	26.958	26.964	5.746	17.996	1010.004	44.000	101.300
74	11.08.21 03:03:58	8.880	9469952	1798995	0.000	30.285	26.978	2.836	59.094	1.457	2.433	292.307	1.281	0.370	4.153	-30.461	50	1.985	3.618	0.859	159.531	26.994	26.997	5.776	17.974	1009.977	44.000	101.300
75	11.08.21 03:33:58	8.886	9469952	1798993	0.000	30.271	26.976	4.779	33.797	3.971	2.658	296.411	0.961	0.260	4.584	-30.945	50	1.962	4.902	1.106	159.659	26.996	26.999	5.789	17.964	1009.969	44.000	101.300
76	11.08.21 04:03:58	8.886	9469952	1798995	0.000	30.253	27.000	4.749	32.974	3.984	2.585	297.853	1.018	-0.205	4.375	-31.427	50	1.762	4.122	0.843	159.776	26.990	26.992	5.801	17.955	1009.965	44.000	101.300
77	11.08.21 04:33:58	8.880	9465856	1798994	0.000	30.242	26.978	3.284	87.587	0.138	3.281	295.808	1.058	0.180	5.003	-31.656	50	1.761	4.574	0.879	159.358	26.975	26.976	5.759	17.953	1009.968	44.000	101.300
78	11.08.21 05:03:58	8.880	9465856	1798994	0.000	30.297	26.971	3.197	108.768	-1.029	3.027	293.692	1.030	0.265	4.956	-31.742	50	1.775	4.755	0.907	159.063	26.956	26.945	5.730	18.001	1010.013	44.000	101.300
79	11.08.21 05:33:58	8.880	9437184	1798993	0.000	30.213	26.950	0.714	88.135	0.023	0.714	295.873	1.109	0.223	4.850	-31.967	50	1.769	4.022	0.856	159.147	26.959	26.960	5.738	17.941	1009.964	44.000	101.300
80	11.08.21 06:03:58	8.886	9437184	1798994	0.000	30.231	26.886	2.795	19.650	2.632	0.940	296.827	1.168	0.005	5.151	-32.159	50	1.817	4.268	0.866	159.709	26.900	26.856	5.794	17.993	1010.033	44.000	101.300
81	11.08.21 06:33:58	8.886	9437184	1798993	0.000	30.248	26.884	2.837	55.406	1.610	2.335	297.313	1.008	-0.017	5.277	-32.159	50	1.587	3.666	0.768	159.659	26.916	26.900	5.789	17.987	1010.016	44.000	101.300
82	11.08.21 07:03:58	8.875	9437184	1798994	0.000	30.271	26.894	2.574	95.747	-0.258	2.561	297.468	0.945	-0.123	5.354	-31.447	50	1.485	3.377	0.751	159.347	26.897	26.899	5.758	18.002	1010.027	44.000	101.300
83	11.08.21 07:33:58	8.880	9437184	1798994	0.000	30.285	26.921	4.209	143.262	-3.373	2.518	294.039	1.111	0.101	4.549	-31.354	50	1.747	4.123	0.784	158.749	26.887	26.890	5.699	18.015	1010.039	44.000	101.300
84	11.08.21 08:03:58	8.886	9437184	1798994	0.000	30.195	26.914	3.329	99.690	-0.560	3.281	294.682	0.904	-0.386	4.467	-31.420	50	1.595	4.005	0.801	158.755	26.889	26.889	5.699	17.957	1009.996	44.000	101.300
85	11.08.21 08:33:58	8.880	9437184	1798994	0.000	30.228	26.904	3.469	104.169	-0.849	3.364	295.922	0.808	-0.078	5.047	-31.956	50	1.860	3.659	0.745	159.132	26.888	26.881	5.737	17.980	1010.016	44.000	101.300
86	11.08.21 09:03:58	8.886	9437184	1798994	0.000	30.192	26.877	2.898	33.962	2.403	1.619	299.180	1.179	0.249	4.863	-31.618	50	2.157	5.302	1.209	159.588	26.859	26.862	5.782	17.964	1010.010	44.000	101.300
87	11.08.21 09:33:58	8.880	9437184	1798994	0.000	30.162	26.829	3.498	56.660	1.922	2.922	299.465	1.255	0.275	5.449	-31.915	50	2.013	5.059	0.891	159.545	26.830	26.832	5.778	17.956	1010.013	44.000	101.300
88	11.08.21 10:03:58	8.875	9437184	1798994	0.000	30.273	26.891	2.756	50.142	1.766	2.115	297.759	1.085	0.395	6.127	-32.140	50	2.157	6.035	1.223	158.899	26.881	26.883	5.714	18.009	1010.037	44.000	101.300
89	11.08.21 10:33:58	8.875	9437184	1798994	0.000	30.275	26.874	2.590	74.927	0.673	2.501	298.648	1.261	0.295	5.959	-32.494	50	2.124	4.535	1.017	159.209	26.876	26.870	5.744	18.016	1010.046	44.000	101.300
90	11.08.21 11:03:58	8.875	9437184	1798994	0.000	30.228	26.886	5.877	50.560	3.733	4.539	300.221	1.234	0.562	5.132	-32.397	50	2.259	4.492	1.078	159.209	26.856	26.857	5.744	17.990	1010.031	44.000	101.300
91	11.08.21 11:33:58	8.886	9437184	1798994	0.000	30.213	26.872	5.141	43.816	3.710	3.560	301.129	0.950	0.188	5.837	-32.253	50	1.943	5.496	1.150	159.145	26.840	26.844	5.738	17.985	1010.031	44.000	101.300
92	11.08.21 12:03:58	8.875	9441280	1798994	0.000	30.210	26.847	5.863	28.385	5.158	2.787	302.196	1.113	0.273	5.682	-32.612	50	1.931	5.102	1.122	159.583	26.832	26.833	5.781	17.987	1010.036	44.000	101.300
93	11.08.21 12:33:58	8.875	9441280	1798994	0.000	30.215	26.857	4.710	17.712	4.486	1.433	302.990	1.005	-0.092	5.570	-33.057	50	1.932	4.829	0.973	159.884	26.833	26.835	5.811	17.990	1010.038	44.000	101.300
94	11.08.21 13:03:58	8.875	9441280	1798994	0.000	30.235	26.846	5.924	46.673	4.065	4.309	299.153	1.162	0.197	6.545	-32.794	50	2.223	6.497	1.249	159.392	26.839	26.839	5.762	18.002	1010.045	44.000	101.300
95	11.08.21 13:33:58	8.875	9441280	1798994	0.000	30.316	26.864	7.225	137.874	-5.358	4.846	296.817	0.824	0.386	7.013	-33.191	50	2.337	4.420	1.178	159.635	26.865	26.863	5.787	18.045	1010.071	44.000	101.300
96	11.08.21 14:03:58	8.869	9441280	1798993	0.000	30.295	26.841	3.158	93.426	-0.189	3.152	297.753	0.970	0.169	5.732	-31.885	50	2.282	5.191	1.165	159.451	26.848	26.849	5.768	18.037	1010.068	44.000	101.300
97	11.08.21 14:33:58	8.875	9441280	1798994	0.000	30.275	26.871	3.693	69.298	1.305	3.454	297.099	1.258	0.386	6.306	-30.909	50	2.784	6.025	1.165	158.910	26.844	26.842	5.715	18.027	1010.062	44.000	101.300
98	11.08.21 15:03:58	8.869	9441280	1798994	0.000	30.262	26.827	2.726	106.454	-0.772	2.614	296.570	0.906	-0.195	5.638	-30.347	50	2.368	4.531	1.021	159.516	26.838	26.835	5.775	18.021	1010.061	44.000	101.300
99	11.08.21 15:33:58	8.863	9441280	1798994	0.000	30.270	26.847	4.471	90.757	-0.059	4.471	295.572	0.931	-0.254	5.929	-32.242	50	2.687	5.951	1.323	160.109	26.840	26.839	5.834	18.024	1010.062	44.000	101.300
100	11.08.21 16:03:58	8.875	9441280	1798994	0.000	30.271	26.854	4.257	133.621	-2.937	3.082	296.775	1.069	0.046	6.258	-32.244	50	2.440	6.125	1.406	159.738	26.847	26.844	5.797	18.023	1010.060	44.000	101.300
101	11.08.21 16:33:58	8.875	9441280	1798993	0.000	30.283	26.844	3.260	75.062	0.840	3.149	296.624	1.033	0.212	6.850	-33.967	50	2.756	5.941	1.372	160.456	26.853	26.852	5.868	18.028	1010.061	44.000	101.300
102	11.08.21 17:03:58	8.875	9441280	1798994	0.000	30.288	26.861	4.423	150.852	-3.863	2.154	296.911	1.281	0.538	6.204	-34.060	50	2.431	6.012	1.302	159.328	26.868	26.868	5.756	18.025	1010.054	44.000	101.300
103	11.08.21 17:33:58	8.869	9441280	1798994	0.000	30.285	26.886	4.879	147.321	-4.107	2.634	298.650	1.018	-0.085	6.250	-33.043	50	2.512	4.354	1.032	159.170	26.869	26.861	5.741	18.026	1010.057	44.000	101.300
104	11.08.21 18:03:58	8.869	9441280	1798994	0.000	30.284	26.879	5.137	164.735	-4.955	1.352	298.546	0.808	-0.064	7.162	-33.671	50	2.170	5.316	1.064	159.400	26.859	26.855	5.763	18.028	1010.060	44.000	101.300
105	11.08.21 18:33:58	8.875	9441280	1798994	0.000	30.291	26.876	2.573	172.450	-2.551	0.338	297.041	0.995	-0.052	5.930	-32.917	50	2.586	5.383	1.319	159.187	26.874	26.871	5.742	18.026	1010.053	44.000	101.300
106	11.08.21 19:03:58	8.869	9441280	1798993	0.000	30.301	26.899	1.822	169.042	-1.789	0.346	298.146	1.461	0.525	6.270	-33.500	50	2.831	5.747	1.314	159.185	26.901	26.898	5.742	18.022	1010.042	44.000	101.300
107	11.08.21 19:33:58	8.863	9441280	1798995	0.000	30.316	26.943	2.516	159.526	-2.357	0.880	299.673	1.164	0.499	6.855	-33.230	50	2.497	4.858	1.109	159.511	26.926	26.926	5.774	18.021	1010.034	44.000	101.300
108	11.08.21 20:03:58	8.869	9441280	1798993	0.000	30.321	26.935	3.683	178.299	-3.681	0.109	296.417	0.736	-0.709	5.966	-33.450	50	2.491	5.640	1.335	158.895	26.923	26.923	5.713	18.026	1010.038	44.000	101.300
109	11.08.21 20:33:58	8.863	9441280	1798994	0.000	30.336	26.940	4.292	169.943	-4.226	0.749	296.376	0.891	0.065	7.097	-32.981	50	2.311	4.747	1.200	159.054	26.921	26.922	5.729	18.035	1010.045	44.000	101.300
110	11.08.21 21:03:58	8.850	9441280	1798994	0.000	30.341	26.931	2.713	185.620	-2.700	-0.266	294.413	0.908	-0.306	6.419	-32.757	50	2.379	6.148	1.456	158.471	26.923	26.927	5.671	18.037	1010.045	44.000	101.300
111	11.08.21 21:33:58	8.869	9441280	1798994	0.000	30.334	26.933	1.431	183.881	-1.428	-0.097	294.454	0.854	-0.174	6.797	-32.940	50	2.675	4.980	1.260	159.337	26.918	26.915	5.757	18.037	1010.049	44.000	101.300
112	11.08.21 22:03:58	8.863	9441280	1798993	0.000	30.337	26.913	2.089	32.719	1.758	1.129	293.884	1.247	0.377	5.695	-32.820	50	2.727	6.175	1.307	159.547	26.924	26.928	5.778	18.034	1010.043	44.000	101.300
113	11.08.21 22:33:58	8.863	9441280	1798994	0.000	30.330	26.933	0.505	61.120	0.244	0.442	292.979	0.835	0.336	6.610	-31.904	50	2.414	5.377	1.219	159.337	26.918	26.918	5.757	18.034	1010.045	44.000	101.300
114	11.08.21 23:03:58	8.863	9441280	1798994	0.000	30.333	26.933	2.807	117.695	-1.304	2.485	292.257	1.247	0.622	6.736	-32.703	50	2.795	6.967	1.289	158.458	26.915	26.920	5.670	18.035	1010.045	44.000	101.300
115	11.08.21 23:33:58	8.863	9441280	1798994	0.000	30.337	26.926	1.396	110.552	-0.490	1.308	292.108	0.976	0.424	5.795	-32.314	50	2.453	5.743	1.298	159.370	26.917	26.922	5.760	18.036	1010.046	44.000	101.300
116	12.08.21 00:03:58	8.863	9441280	1798993	0.000	30.327	26.926	1.830	11.676	1.792	0.370	295.125	0.957	0.189	5.982	-32.001	50	2.364	6.364	1.344	159.174	26.913	26.914	5.741	18.033	1010.046	44.000	101.300
117	12.08.21 00:33:58	8.863	9441280	1798994	0.000	30.310	26.877	2.781	9.513	2.743	0.460	297.401	0.781	0.046	6.302	-32.445	50	2.006	5.551	1.122	159.488	26.890	26.891	5.772	18.030	1010.051	44.000	101.300
118	12.08.21 01:03:58	8.863	9441280	1798993	0.000	30.310	26.908	3.709	2.497	3.706	0.162	297.951	1.122	0.350	5.062	-33.877	50	2.167	6.166	1.234	159.584	26.901	26.905	5.782	18.025	1010.043	44.000	101.300
119	12.08.21 01:33:58	8.857	9441280	1798993	0.000	30.315	26.929	0.955	20.604	0.894	0.336	294.503	1.242	0.317	5.217	-33.501	50	2.245	4.625	1.013	159.363	26.907	26.910	5.760	18.026	1010.042	44.000	101.300
120	12.08.21 02:03:58	8.863	9441280	1798994	0.000	30.321	26.913	1.710	30.122	1.479	0.858	295.374	0.956	0.189	5.251	-34.408	50	1.980	5.495	1.162	159.266	26.906	26.907	5.750	18.032	1010.047	44.000	101.300
121	12.08.21 02:33:58	8.857	9441280	1798993	0.000	30.321	26.913	3.362	1.212	3.362	0.071	295.071	0.940	-0.102	5.580	-33.785	50	2.015	5.059	1.116	159.628	26.910	26.911	5.786	18.030	1010.045	44.000	101.300
122	12.08.21 03:03:58	8.863	9441280	1798993	0.000	30.312	26.938	4.438	353.201	4.407	-0.525	295.312	0.971	0.192	5.091	-33.091	50	2.186	4.737	0.997	159.530	26.915	26.917	5.776	18.022	1010.037	44.000	101.300
123	12.08.21 03:33:58	8.869	9441280	1798994	0.000	30.315	26.953	4.259	354.166	4.237	-0.433	294.253	1.015	0.148	4.812	-34.415	50	2.138	4.435	0.948	159.199	26.927	26.929	5.743	18.019	1010.031	44.000	101.300
124	12.08.21 04:03:58	8.850	9441280	1798994	0.000	30.315	26.945	1.659	357.061	1.657	-0.085	295.355	1.182	0.256	5.138	-34.289	50	2.253	4.837	1.143	159.347	26.932	26.932	5.758	18.018	1010.029	44.000	101.300
125	12.08.21 04:33:58	8.857	9441280	1798994	0.000	30.316	26.976	2.943	8.451	2.911	0.432	293.792	1.065	0.123	4.687	-33.931	50	2.206	4.608	1.064	159.481	26.930	26.931	5.771	18.019	1010.031	44.000	101.300
126	12.08.21 05:03:58	8.863	9441280	1798993	0.000	30.316	26.936	1.870	14.747	1.808	0.476	292.889	0.953	-0.249	4.791	-33.788	50	2.118	4.459	0.986	159.446	26.936	26.938	5.768	18.017	1010.027	44.000	101.300
127	12.08.21 05:33:58	8.857	9441280	1798994	0.000	30.315	26.956	3.078	24.667	2.797	1.285	292.502	1.031	0.107	5.114	-34.166	50	2.082	4.841	1.031	159.463	26.941	26.943	5.770	18.014	1010.023	44.000	101.300
128	12.08.21 06:03:58	8.850	9441280	1798994	0.000	30.314	26.980	1.331	26.181	1.194	0.587	293.755	1.217	0.317	4.650	-34.719	50	1.911	3.941	0.880	159.544	26.946	26.946	5.778	18.012	1010.021	44.000	101.300
129	12.08.21 06:33:58	8.857	9441280	1798994	0.000	30.314	26.953	1.779	352.167	1.762	-0.242	293.659	1.216	0.409	5.381	-34.647	50	1.998	3.836	0.840	159.549	26.943	26.945	5.778	18.012	1010.021	44.000	101.300
130	12.08.21 07:03:58	8.857	9441280	1798994	0.000	30.329	26.997	2.145	19.312	2.025	0.710	294.507	1.138	0.285	4.808	-33.783	50	1.961	4.154	0.930	159.181	26.973	26.992	5.742	18.004	1010.001	44.000	101.300
131	12.08.21 07:33:58	8.857	9445376	1798994	0.000	30.327	27.022	2.500	66.403	1.001	2.291	293.976	0.959	-0.099	4.434	-33.398	50	1.858	4.067	0.828	159.592	27.002	26.997	5.782	18.001	1009.997	44.000	101.300
132	12.08.21 08:03:58	8.857	9445376	1798993	0.000	30.328	27.020	4.293	60.597	2.108	3.740	294.888	1.119	0.119	4.804	-32.717	50	1.889	3.777	0.850	159.724	27.012	27.009	5.795	17.997	1009.991	44.000	101.300
133	12.08.21 08:33:58	8.850	9445376	1798994	0.000	30.329	27.052	5.367	89.379	0.058	5.367	291.602	0.888	-0.027	4.986	-32.589	50	1.663	3.244	0.859	159.060	27.038	27.044	5.730	17.984	1009.971	44.000	101.300
134	12.08.21 09:03:58	8.857	9445376	1798994	0.000	30.333	27.039	4.147	79.763	0.737	4.081	291.065	1.200	0.251	5.010	-33.199	50	2.199	3.981	0.778	159.407	27.035	27.038	5.764	17.989	1009.976	44.000	101.300
135	12.08.21 09:33:58	8.844	9445376	1798993	0.000	30.327	27.012	4.630	71.674	1.456	4.396	292.749	1.076	0.292	4.421	-32.823	50	2.082	3.965	0.892	159.389	27.026	27.029	5.762	17.989	1009.979	44.000	101.300
136	12.08.21 10:03:58	8.850	9445376	1798993	0.000	30.327	27.022	4.437	89.690	0.024	4.437	293.258	0.997	0.414	5.162	-33.165	50	1.849	3.540	0.799	159.702	27.025	27.026	5.793	17.989	1009.980	44.000	101.300
137	12.08.21 10:33:58	8.857	9445376	1798994	0.000	30.318	27.017	5.562	124.766	-3.171	4.569	287.639	0.914	0.193	5.010	-32.735	50	1.718	3.588	0.710	159.264	26.988	26.986	5.750	17.999	1009.999	44.000	101.300
138	12.08.21 11:03:58	8.857	9445376	1798993	0.000	30.283	26.935	6.009	118.723	-2.888	5.270	287.192	1.004	-0.112	4.600	-33.462	50	1.769	3.467	0.745	159.380	26.921	26.928	5.761	17.999	1010.016	44.000	101.300
139	12.08.21 11:33:58	8.838	9445376	1798994	0.000	30.306	26.941	5.025	59.169	2.575	4.315	293.753	0.944	-0.118	5.318	-33.564	50	1.799	4.436	0.809	159.364	26.921	26.921	5.760	18.016	1010.031	44.000	101.300
140	12.08.21 12:03:58	8.850	9445376	1798994	0.000	30.319	26.953	5.440	80.698	0.879	5.368	292.490	0.940	-0.057	5.037	-33.594	50	1.690	3.079	0.676	159.534	26.982	27.000	5.777	17.994	1009.992	44.000	101.300
141	12.08.21 12:33:58	8.857	9445376	1798995	0.000	30.306	26.990	3.475	101.714	-0.705	3.403	292.473	1.050	0.138	4.349	-33.358	50	1.751	4.269	0.837	159.808	26.975	26.966	5.804	17.999	1010.006	44.000	101.300
142	12.08.21 13:03:58	8.857	9445376	1798994	0.000	30.287	26.958	5.735	86.904	0.310	5.726	291.258	0.987	0.225	4.899	-32.693	50	1.553	2.853	0.622	159.686	26.954	26.955	5.792	17.991	1010.003	44.000	101.300
143	12.08.21 13:33:58	8.844	9445376	1798994	0.000	30.276	26.976	6.570	75.701	1.623	6.367	294.023	0.855	0.267	4.580	-32.947	50	1.572	2.947	0.766	159.967	26.988	26.988	5.820	17.971	1009.978	44.000	101.300
144	12.08.21 14:03:58	8.844	9445376	1798994	0.000	30.265	27.005	5.664	73.142	1.642	5.420	289.551	0.854	-0.384	4.854	-33.561	50	1.662	3.763	0.827	159.717	26.981	26.980	5.795	17.967	1009.977	44.000	101.300
145	12.08.21 14:33:58	8.850	9445376	1798995	0.000	30.276	26.997	4.553	62.670	2.090	4.044	292.492	0.892	-0.061	4.777	-33.756	50	1.461	3.532	0.743	160.177	26.994	26.994	5.840	17.969	1009.975	44.000	101.300
146	12.08.21 15:03:58	8.833	9445376	1798994	0.000	0.020	23.077	12.788	218.056	-10.070	-7.883	277.603	-9.796	-13.157	59.737	-31.483	50	29.768	90.000	34.576	97.611	22.222	22.149	-0.366	0.018	997.751	44.000	101.300
147	12.08.21 15:33:58	8.821	9445376	1798994	0.000	0.019	23.656	54.600	259.430	-10.016	-53.674	270.067	-41.016	-45.578	104.772	-51.158	50	74.414	90.000	10.207	97.475	22.922	23.054	-0.379	0.017	997.540	44.000	101.300
148	12.08.21 16:03:58	8.815	9445376	1798994	0.000	0.020	24.730	96.765	188.804	-95.625	-14.810	122.065	-40.606	-43.786	120.845	-68.551	50	69.295	90.000	8.846	97.334	24.000	24.364	-0.393	0.018	997.221	44.000	101.300
149	12.08.21 16:33:58	8.827	9445376	1798993	0.000	0.018	24.712	31.979	84.774	2.913	31.846	162.337	-42.212	-44.598	104.185	-69.569	50	73.257	90.000	12.506	97.470	24.208	24.370	-0.380	0.017	997.219	44.000	101.300
150	12.08.21 17:03:58	8.827	9445376	1798994	0.000	0.018	24.605	55.896	244.314	-24.228	-50.373	230.988	-42.314	-43.768	110.713	-69.559	50	73.069	90.000	12.689	97.559	24.460	24.437	-0.371	0.017	997.202	44.000	101.300
151	12.08.21 17:33:58	8.815	9445376	1798993	0.000	0.017	22.718	36.493	27.326	32.420	16.752	206.004	-40.556	-43.095	116.288	-69.615	50	68.651	90.000	11.054	97.286	22.668	22.241	-0.398	0.016	997.728	44.000	101.300
152	12.08.21 18:03:58	8.809	9445376	1798994	0.000	0.015	21.559	44.130	109.273	-14.566	41.657	197.967	-41.284	-45.256	106.048	-69.657	50	74.150	90.000	9.424	97.307	21.423	21.415	-0.396	0.015	997.914	44.000	101.300
153	12.08.21 18:33:58	8.815	9441280	1798993	0.000	0.015	22.008	26.481	46.133	18.351	19.092	190.708	-40.868	-45.087	125.549	-69.668	50	70.966	90.000	4.408	97.304	21.940	21.966	-0.396	0.015	997.791	44.000	101.300
154	12.08.21 19:03:58	8.803	9441280	1798994	0.000	0.017	22.267	38.535	32.299	32.572	20.590	195.312	-40.432	-46.187	117.392	-69.627	50	73.600	90.000	7.224	97.300	22.224	22.216	-0.397	0.016	997.734	44.000	101.300
155	12.08.21 19:33:58	8.797	9441280	1798993	0.000	0.020	22.784	17.074	105.815	-4.653	16.428	261.238	-40.745	-46.222	112.057	-69.667	50	73.777	90.000	5.113	97.290	22.684	22.714	-0.398	0.017	997.620	44.000	101.300
156	12.08.21 20:03:58	8.803	9445376	1798994	0.000	0.017	22.923	56.172	78.807	10.904	55.104	240.905	-40.718	-45.850	109.018	-69.678	50	71.937	74.497	0.860	97.328	22.899	22.948	-0.394	0.016	997.564	44.000	101.300
157	12.08.21 20:33:58	8.809	9445376	1798993	0.000	0.017	22.574	39.895	317.941	29.620	-26.725	266.081	-40.719	-46.651	100.706	-69.605	50	74.254	78.952	1.828	97.262	22.568	22.651	-0.401	0.016	997.634	44.000	101.300
158	12.08.21 21:03:58	8.803	9445376	1798993	0.000	0.014	22.626	26.180	297.726	12.180	-23.174	264.407	-43.632	-45.338	102.471	-69.658	50	79.583	82.103	1.386	97.307	22.647	22.686	-0.396	0.015	997.625	44.000	101.300
159	12.08.21 21:33:58	8.797	9445376	1798994	0.000	0.016	22.868	40.148	121.076	-20.724	34.386	150.841	3.362	7.653	97.142	-69.578	50	80.253	90.000	4.487	97.309	22.809	22.825	-0.396	0.016	997.593	44.000	101.300
160	12.08.21 22:03:58	8.797	9445376	1798994	0.000	0.017	22.820	11.326	175.815	-11.296	0.827	88.328	44.515	43.712	100.924	-69.632	50	77.613	90.000	5.461	97.401	22.799	22.816	-0.387	0.016	997.595	44.000	101.300
161	12.08.21 22:33:58	8.797	9445376	1798993	0.000	0.017	22.781	10.222	137.882	-7.583	6.856	121.465	42.665	46.959	110.964	-69.628	50	80.373	90.000	2.745	97.372	22.770	22.773	-0.390	0.016	997.605	44.000	101.300
162	12.08.21 23:03:58	8.803	9445376	1798994	0.000	0.017	22.749	21.333	190.654	-20.966	-3.944	136.846	43.062	45.970	99.635	-69.646	50	79.910	80.866	0.396	97.363	22.739	22.740	-0.391	0.016	997.613	44.000	101.300
163	12.08.21 23:33:58	8.785	9445376	1798993	0.000	0.017	22.703	30.670	344.331	29.531	-8.283	137.239	43.070	45.976	102.218	-69.696	50	79.979	81.094	0.370	97.422	22.701	22.696	-0.385	0.016	997.623	44.000	101.300
164	13.08.21 00:03:58	8.797	9445376	1798994	0.000	0.017	22.637	18.400	126.315	-10.897	14.826	137.316	43.092	45.950	111.463	-69.624	50	79.963	81.075	0.564	97.335	22.654	22.644	-0.393	0.016	997.635	44.000	101.300
165	13.08.21 00:33:58	8.791	9445376	1798994	0.000	0.017	22.602	24.226	310.670	15.788	-18.374	137.305	43.062	45.970	110.777	-69.660	50	79.909	80.951	0.446	97.340	22.610	22.605	-0.393	0.016	997.645	44.000	101.300
166	13.08.21 01:03:58	8.797	9445376	1798993	0.000	0.018	22.597	10.950	30.784	9.407	5.604	137.531	43.046	45.950	117.451	-69.717	50	79.734	80.845	0.472	97.386	22.585	22.585	-0.388	0.016	997.649	44.000	101.300
167	13.08.21 01:33:58	8.803	9445376	1798994	0.000	0.017	22.573	29.187	150.480	-25.398	14.382	137.580	43.067	45.957	118.722	-69.675	50	79.871	81.243	0.494	97.367	22.573	22.563	-0.390	0.016	997.654	44.000	101.300
168	13.08.21 02:03:58	8.803	9445376	1798994	0.000	0.017	22.513	30.572	92.733	-1.458	30.537	137.538	43.090	45.954	121.790	-69.647	50	79.968	81.179	0.459	97.369	22.548	22.528	-0.390	0.016	997.662	44.000	101.300
169	13.08.21 02:33:58	8.803	9445376	1798993	0.000	0.017	22.474	53.774	127.367	-32.636	42.737	137.109	43.066	45.970	102.348	-69.662	50	79.927	81.138	0.424	97.390	22.514	22.496	-0.388	0.016	997.670	44.000	101.300
170	13.08.21 03:03:58	8.797	9445376	1798994	0.000	0.017	22.486	30.816	124.241	-17.339	25.475	136.551	43.089	45.954	99.592	-69.629	50	79.958	81.072	0.418	97.435	22.489	22.475	-0.383	0.016	997.675	44.000	101.300
171	13.08.21 03:33:58	8.797	9445376	1798993	0.000	0.017	22.444	20.684	40.774	15.664	13.508	137.511	43.068	45.967	106.934	-69.708	50	79.925	81.031	0.450	97.481	22.468	22.452	-0.379	0.016	997.680	44.000	101.300
172	13.08.21 04:03:58	8.791	9445376	1798994	0.000	0.016	22.394	29.545	75.597	7.349	28.616	136.878	43.086	45.968	103.294	-69.723	50	80.026	81.187	0.535	97.312	22.436	22.412	-0.396	0.016	997.689	44.000	101.300
173	13.08.21 04:33:58	8.797	9445376	1798994	0.000	0.016	22.365	28.406	282.694	6.242	-27.711	137.396	43.075	45.949	116.315	-69.689	50	79.873	81.420	0.542	97.328	22.394	22.374	-0.394	0.016	997.698	44.000	101.300
174	13.08.21 05:03:58	8.791	9445376	1798994	0.000	0.017	22.357	29.784	61.696	14.122	26.223	137.331	43.079	45.930	90.400	-69.728	50	79.788	80.829	0.437	97.418	22.366	22.345	-0.385	0.016	997.705	44.000	101.300
175	13.08.21 05:33:58	8.797	9445376	1798994	0.000	0.016	22.301	20.223	39.183	15.675	12.777	136.861	43.071	45.982	101.076	-69.730	50	80.018	81.458	0.449	97.428	22.325	22.300	-0.384	0.016	997.715	44.000	101.300
176	13.08.21 06:03:58	8.791	9445376	1798994	0.000	0.016	22.255	30.013	225.489	-21.040	-21.402	137.239	43.075	45.974	113.409	-69.658	50	79.999	80.957	0.465	97.384	22.277	22.250	-0.388	0.016	997.726	44.000	101.300
177	13.08.21 06:33:58	8.791	9445376	1798993	0.000	0.016	22.238	62.439	116.632	-27.988	55.814	136.974	43.070	45.990	113.969	-69.639	50	80.059	81.436	0.549	97.291	22.243	22.224	-0.398	0.016	997.732	44.000	101.300
178	13.08.21 07:03:58	8.791	9445376	1798994	0.000	0.017	22.209	26.817	101.169	-5.195	26.309	137.131	43.074	45.960	98.211	-69.644	50	79.918	80.775	0.445	97.335	22.227	22.210	-0.393	0.016	997.736	44.000	101.300
179	13.08.21 07:33:58	8.791	9445376	1798994	0.000	0.016	22.194	37.934	74.014	10.447	36.467	137.401	43.074	45.973	114.160	-69.700	50	79.987	81.440	0.499	97.414	22.206	22.182	-0.385	0.016	997.742	44.000	101.300
180	13.08.21 08:03:58	8.791	9445376	1798993	0.000	0.017	22.146	22.332	19.139	21.097	7.322	136.994	43.102	45.972	101.010	-69.708	50	80.123	81.003	0.433	97.328	22.163	22.136	-0.394	0.016	997.753	44.000	101.300
181	13.08.21 08:33:58	8.791	9445376	1798994	0.000	0.016	22.103	27.730	184.591	-27.641	-2.219	136.756	43.111	45.961	102.601	-69.640	50	80.114	81.045	0.496	97.373	22.115	22.087	-0.390	0.016	997.763	44.000	101.300
182	13.08.21 09:03:58	8.779	9449472	1798993	0.000	0.016	22.053	18.262	280.176	3.227	-17.975	137.061	43.087	45.972	102.935	-69.687	50	80.046	81.038	0.424	97.513	22.064	22.034	-0.376	0.016	997.776	44.000	101.300
183	13.08.21 09:33:58	8.785	9449472	1798994	0.000	0.017	21.989	55.100	132.862	-37.481	40.388	136.957	43.095	45.968	108.888	-69.656	50	80.070	81.481	0.484	97.283	22.016	21.988	-0.398	0.016	997.786	44.000	101.300
184	13.08.21 10:03:58	8.785	9449472	1798994	0.000	0.017	21.974	26.986	318.473	20.203	-17.891	137.298	43.108	45.965	102.764	-69.645	50	80.118	81.233	0.456	97.277	21.983	21.962	-0.399	0.016	997.792	44.000	101.300
185	13.08.21 10:33:58	8.785	9449472	1798994	0.000	0.017	21.937	26.341	205.519	-23.772	-11.348	136.970	43.077	45.965	114.931	-69.656	50	79.959	80.984	0.464	97.299	21.966	21.950	-0.397	0.016	997.795	44.000	101.300
186	13.08.21 11:03:58	8.785	9449472	1798994	0.000	0.016	21.934	48.244	146.255	-40.116	26.799	136.881	43.090	45.961	127.073	-69.661	50	80.010	81.073	0.488	97.397	21.952	21.931	-0.387	0.016	997.799	44.000	101.300
187	13.08.21 11:33:58	8.785	9449472	1798994	0.000	0.016	21.921	45.431	64.178	19.789	40.895	136.572	43.068	45.980	105.824	-69.720	50	79.994	80.985	0.461	97.364	21.925	21.903	-0.390	0.016	997.805	44.000	101.300
188	13.08.21 12:03:58	8.785	9449472	1798994	0.000	0.016	21.910	18.330	55.285	10.439	15.067	137.789	43.070	45.975	100.059	-69.693	50	79.979	80.998	0.504	97.403	21.917	21.902	-0.387	0.016	997.805	44.000	101.300
189	13.08.21 12:33:58	8.785	9449472	1798993	0.000	0.017	21.912	19.110	39.089	14.833	12.049	137.104	43.049	45.998	111.014	-69.712	50	79.998	81.500	0.572	97.605	21.931	21.912	-0.367	0.016	997.804	44.000	101.300
190	13.08.21 13:03:58	8.779	9449472	1798994	0.000	0.017	21.936	28.027	107.270	-8.321	26.764	135.772	43.074	45.996	102.232	-69.660	50	80.118	81.721	0.622	97.463	21.947	21.920	-0.381	0.016	997.802	44.000	101.300
191	13.08.21 13:33:58	8.785	9449472	1798994	0.000	0.017	21.955	42.441	43.406	30.834	29.164	136.543	43.059	46.010	94.871	-69.714	50	80.107	81.110	0.525	97.352	21.950	21.923	-0.392	0.016	997.801	44.000	101.300
192	13.08.21 14:03:58	8.779	9449472	1798993	0.000	0.016	21.966	17.942	350.895	17.716	-2.839	136.635	43.040	46.005	110.611	-69.745	50	79.981	81.030	0.478	97.494	21.970	21.948	-0.378	0.016	997.795	44.000	101.300
193	13.08.21 14:33:58	8.791	9449472	1798994	0.000	0.017	22.010	17.766	256.521	-4.141	-17.277	136.080	43.039	46.018	110.927	-69.700	50	80.043	80.892	0.405	97.308	22.006	21.983	-0.396	0.016	997.787	44.000	101.300
194	13.08.21 15:03:58	8.750	9449472	1798994	0.000	0.016	22.074	16.257	41.634	12.150	10.800	171.832	43.073	46.058	112.036	-69.672	50	79.949	90.000	8.887	96.481	22.035	22.031	-0.478	0.016	997.776	44.000	101.300
195	13.08.21 15:33:58	8.779	9449472	1798994	0.000	0.016	22.095	17.220	171.767	-17.042	2.466	0.233	43.265	45.596	110.894	-69.738	50	78.360	90.000	8.388	97.490	22.104	22.111	-0.378	0.016	997.758	44.000	101.300
196	13.08.21 16:03:58	8.779	9449472	1798994	0.000	0.016	22.112	40.076	322.599	31.837	-24.341	71.810	42.124	46.930	97.686	-69.611	50	80.173	81.295	0.445	97.512	22.137	22.114	-0.376	0.016	997.757	44.000	101.300
197	13.08.21 16:33:58	8.779	9449472	1798993	0.000	0.017	22.101	14.916	176.702	-14.892	0.858	71.727	42.101	46.914	104.271	-69.624	50	79.979	80.750	0.426	97.411	22.135	22.112	-0.386	0.016	997.758	44.000	101.300
198	13.08.21 17:03:58	8.785	9449472	1798994	0.000	0.017	22.117	28.730	127.166	-17.357	22.895	70.065	42.145	46.918	100.371	-69.666	50	80.218	80.968	0.458	97.416	22.132	22.109	-0.385	0.016	997.759	44.000	101.300
199	13.08.21 17:33:58	8.779	9453568	1798994	0.000	0.017	22.079	34.104	168.151	-33.378	7.003	68.724	42.195	46.868	108.948	-69.697	50	80.214	81.305	0.480	97.548	22.117	22.092	-0.372	0.016	997.763	44.000	101.300
200	13.08.21 18:03:58	8.779	9453568	1798994	0.000	0.017	22.053	24.866	52.583	15.109	19.750	68.767	42.216	46.845	110.179	-69.699	50	80.198	81.178	0.527	97.588	22.080	22.048	-0.368	0.016	997.773	44.000	101.300
201	13.08.21 18:33:58	8.785	9453568	1798994	0.000	0.016	21.982	23.620	137.453	-17.401	15.972	68.709	42.196	46.848	104.921	-69.635	50	80.110	80.911	0.483	97.402	22.022	21.987	-0.387	0.016	997.786	44.000	101.300
202	13.08.21 19:03:58	8.779	9453568	1798994	0.000	0.017	21.910	22.857	292.580	8.777	-21.105	68.742	42.193	46.845	119.894	-69.719	50	80.076	81.184	0.393	97.503	21.942	21.901	-0.377	0.016	997.806	44.000	101.300
203	13.08.21 19:33:58	8.779	9453568	1798993	0.000	0.016	21.799	45.833	256.642	-10.589	-44.593	68.672	42.195	46.844	116.654	-69.744	50	80.087	81.328	0.512	97.503	21.847	21.804	-0.377	0.016	997.828	44.000	101.300
204	13.08.21 20:03:58	8.779	9453568	1798993	0.000	0.017	21.708	48.152	70.386	16.163	45.358	68.810	42.211	46.848	94.074	-69.700	50	80.183	81.085	0.451	97.444	21.758	21.721	-0.383	0.016	997.846	44.000	101.300
205	13.08.21 20:33:58	8.779	9453568	1798994	0.000	0.017	21.666	45.019	242.302	-20.925	-39.860	68.754	42.201	46.873	108.224	-69.676	50	80.265	81.249	0.463	97.516	21.686	21.655	-0.375	0.016	997.861	44.000	101.300
206	13.08.21 21:03:58	8.773	9457664	1798993	0.000	0.017	21.574	26.968	165.782	-26.142	6.624	68.609	42.196	46.846	99.746	-69.709	50	80.105	81.466	0.497	97.576	21.611	21.579	-0.369	0.016	997.878	44.000	101.300
207	13.08.21 21:33:58	8.779	9457664	1798995	0.000	0.016	21.518	18.232	215.385	-14.864	-10.557	68.742	42.191	46.845	110.712	-69.695	50	80.068	80.988	0.413	97.464	21.534	21.499	-0.380	0.015	997.896	44.000	101.300
208	13.08.21 22:03:58	8.773	9457664	1798994	0.000	0.016	21.434	13.642	215.681	-11.081	-7.957	68.730	42.202	46.846	105.222	-69.714	50	80.129	81.278	0.426	97.510	21.454	21.419	-0.376	0.016	997.913	44.000	101.300
209	13.08.21 22:33:58	8.767	9457664	1798994	0.000	0.017	21.361	8.647	5.930	8.601	0.893	68.681	42.220	46.829	94.202	-69.662	50	80.136	81.118	0.459	97.539	21.365	21.330	-0.373	0.016	997.933	44.000	101.300
210	13.08.21 23:03:58	8.773	9457664	1798994	0.000	0.017	21.270	39.737	16.418	38.117	11.231	68.715	42.206	46.865	100.311	-69.715	50	80.252	81.859	0.566	97.608	21.282	21.249	-0.366	0.016	997.951	44.000	101.300
211	13.08.21 23:33:58	8.773	9457664	1798994	0.000	0.016	21.187	11.541	90.524	-0.106	11.540	68.666	42.211	46.849	111.421	-69.691	50	80.187	81.033	0.447	97.561	21.213	21.183	-0.371	0.016	997.965	44.000	101.300
212	14.08.21 00:03:58	8.773	9445376	1798994	0.000	0.017	21.129	20.297	127.148	-12.257	16.178	68.556	42.209	46.849	114.408	-69.651	50	80.181	81.104	0.461	97.486	21.151	21.126	-0.378	0.016	997.978	44.000	101.300
213	14.08.21 00:33:58	8.767	9445376	1798994	0.000	0.016	21.058	17.789	111.918	-6.640	16.503	68.833	42.206	46.837	112.897	-69.714	50	80.106	81.184	0.452	97.609	21.096	21.068	-0.366	0.016	997.990	44.000	101.300
214	14.08.21 01:03:58	8.773	9445376	1798995	0.000	0.016	21.034	53.466	118.453	-25.473	47.008	68.704	42.211	46.861	106.610	-69.705	50	80.254	81.139	0.462	97.475	21.049	21.025	-0.379	0.016	997.999	44.000	101.300
215	14.08.21 01:33:58	8.761	9445376	1798994	0.000	0.017	21.037	38.507	106.515	-10.946	36.918	68.598	42.213	46.856	107.162	-69.703	50	80.244	81.248	0.512	97.524	21.017	20.998	-0.375	0.016	998.006	44.000	101.300
216	14.08.21 02:03:58	8.767	9445376	1798994	0.000	0.016	20.999	23.388	95.510	-2.246	23.280	68.693	42.212	46.870	100.511	-69.698	50	80.300	81.228	0.446	97.598	20.989	20.965	-0.367	0.015	998.012	44.000	101.300
217	14.08.21 02:33:58	8.773	9449472	1798994	0.000	0.016	20.922	20.867	162.677	-19.920	6.213	68.736	42.228	46.880	92.844	-69.675	50	80.441	81.749	0.480	97.500	20.945	20.910	-0.377	0.015	998.024	44.000	101.300
218	14.08.21 03:03:58	8.761	9449472	1798994	0.000	0.017	20.855	12.479	322.760	9.934	-7.552	68.607	42.200	46.856	112.147	-69.689	50	80.177	81.663	0.527	97.482	20.878	20.839	-0.379	0.016	998.040	44.000	101.300
219	14.08.21 03:33:58	8.761	9461760	1798995	0.000	0.016	20.750	5.786	188.932	-5.716	-0.898	68.648	42.220	46.839	96.367	-69.707	50	80.182	80.994	0.464	97.391	20.798	20.760	-0.388	0.015	998.057	44.000	101.300
220	14.08.21 04:03:58	8.750	9469952	1798993	0.000	0.016	20.669	12.937	27.082	11.519	5.890	68.684	42.220	46.854	112.311	-69.776	50	80.259	81.317	0.468	97.456	20.717	20.680	-0.381	0.015	998.074	44.000	101.300
221	14.08.21 04:33:58	8.756	9469952	1798993	0.000	0.016	20.623	16.806	105.776	-4.569	16.173	68.757	42.230	46.863	102.927	-69.711	50	80.358	81.740	0.469	97.512	20.641	20.609	-0.376	0.015	998.089	44.000	101.300
222	14.08.21 05:03:58	8.761	9469952	1798994	0.000	0.016	20.553	25.479	147.901	-21.584	13.539	68.690	42.198	46.868	98.654	-69.698	50	80.222	81.083	0.402	97.464	20.582	20.553	-0.380	0.015	998.101	44.000	101.300
223	14.08.21 05:33:58	8.761	9465856	1798994	0.000	0.016	20.543	44.875	54.042	26.350	36.324	68.884	42.219	46.871	110.428	-69.678	50	80.349	81.863	0.492	97.494	20.538	20.519	-0.378	0.015	998.108	44.000	101.300
224	14.08.21 06:03:58	8.756	9465856	1798994	0.000	0.016	20.500	18.154	26.337	16.269	8.054	68.756	42.222	46.855	113.978	-69.740	50	80.277	81.236	0.446	97.433	20.513	20.493	-0.384	0.015	998.113	44.000	101.300
225	14.08.21 06:33:58	8.756	9441280	1798993	0.000	0.016	20.492	45.968	272.056	1.649	-45.938	68.672	42.220	46.846	94.327	-69.728	50	80.221	81.558	0.478	97.509	20.489	20.470	-0.376	0.015	998.118	44.000	101.300
226	14.08.21 07:03:58	8.756	9441280	1798994	0.000	0.016	20.462	43.358	48.794	28.563	32.620	68.752	42.223	46.853	103.125	-69.730	50	80.274	81.399	0.468	97.396	20.471	20.451	-0.387	0.015	998.122	44.000	101.300
227	14.08.21 07:33:58	8.756	9441280	1798993	0.000	0.016	20.451	20.309	246.694	-8.035	-18.651	68.804	42.237	46.844	99.258	-69.729	50	80.298	81.362	0.531	97.348	20.462	20.444	-0.392	0.015	998.124	44.000	101.300
228	14.08.21 08:03:58	8.756	9441280	1798994	0.000	0.016	20.451	50.312	179.844	-50.312	0.137	68.715	42.223	46.843	108.301	-69.662	50	80.225	81.319	0.484	97.411	20.463	20.442	-0.386	0.015	998.124	44.000	101.300
229	14.08.21 08:33:58	8.756	9441280	1798993	0.000	0.016	20.457	52.703	228.495	-34.926	-39.469	68.814	42.229	46.866	94.428	-69.748	50	80.375	81.723	0.514	97.413	20.457	20.432	-0.386	0.015	998.126	44.000	101.300
230	14.08.21 09:03:58	8.761	9441280	1798994	0.000	0.016	20.434	68.275	90.492	-0.586	68.272	68.808	42.230	46.877	101.344	-69.735	50	80.436	81.232	0.437	97.576	20.447	20.422	-0.369	0.015	998.128	44.000	101.300
231	14.08.21 09:33:58	8.761	9441280	1798993	0.000	0.016	20.415	14.579	239.951	-7.300	-12.620	68.579	42.214	46.851	106.750	-69.739	50	80.215	81.105	0.423	97.458	20.441	20.416	-0.381	0.015	998.130	44.000	101.300
232	14.08.21 10:03:58	8.761	9441280	1798993	0.000	0.016	20.437	34.181	221.017	-25.790	-22.432	68.824	42.227	46.868	106.062	-69.734	50	80.370	81.465	0.462	97.470	20.444	20.419	-0.380	0.015	998.129	44.000	101.300
233	14.08.21 10:33:58	8.750	9441280	1798994	0.000	0.016	20.459	21.235	58.837	10.989	18.171	68.738	42.232	46.853	117.769	-69.758	50	80.315	81.393	0.450	97.305	20.459	20.432	-0.396	0.015	998.126	44.000	101.300
234	14.08.21 11:03:58	8.756	9441280	1798994	0.000	0.016	20.454	21.453	303.982	11.991	-17.789	68.642	42.213	46.851	91.192	-69.750	50	80.211	81.076	0.416	97.472	20.483	20.456	-0.380	0.015	998.121	44.000	101.300
235	14.08.21 11:33:58	8.750	9441280	1798995	0.000	0.016	20.508	25.041	219.523	-19.316	-15.936	68.557	42.230	46.869	100.002	-69.723	50	80.397	81.423	0.587	97.491	20.517	20.494	-0.378	0.015	998.113	44.000	101.300
236	14.08.21 12:03:58	8.756	9441280	1798994	0.000	0.016	20.559	47.957	244.334	-20.771	-43.226	68.587	42.225	46.863	98.519	-69.725	50	80.341	81.387	0.505	97.465	20.559	20.536	-0.380	0.015	998.104	44.000	101.300
237	14.08.21 12:33:58	8.750	9441280	1798994	0.000	0.015	20.580	24.968	279.066	3.934	-24.656	68.720	42.232	46.859	97.229	-69.792	50	80.355	81.633	0.547	97.414	20.601	20.581	-0.386	0.015	998.095	44.000	101.300
238	14.08.21 13:03:58	8.750	9441280	1798994	0.000	0.015	20.664	9.389	343.271	8.992	-2.702	68.658	42.230	46.849	116.914	-69.698	50	80.289	81.810	0.503	97.463	20.650	20.636	-0.381	0.015	998.083	44.000	101.300
239	14.08.21 13:33:58	8.756	9441280	1798994	0.000	0.016	20.691	48.132	209.357	-41.951	-23.597	68.624	42.224	46.852	112.152	-69.709	50	80.273	81.252	0.474	97.497	20.708	20.704	-0.377	0.015	998.068	44.000	101.300
240	14.08.21 14:03:58	8.744	9441280	1798994	0.000	0.016	20.785	12.214	214.731	-10.038	-6.959	153.862	42.442	47.484	102.901	-69.717	50	79.975	90.000	7.907	96.888	20.782	20.803	-0.438	0.016	998.047	44.000	101.300
241	14.08.21 14:33:58	8.756	9441280	1798995	0.000	0.016	20.930	11.152	206.960	-9.940	-5.056	246.696	43.740	46.017	112.986	-69.753	50	79.662	90.000	7.972	97.580	20.950	20.978	-0.369	0.015	998.010	44.000	101.300
242	14.08.21 15:03:58	8.750	9441280	1798994	0.000	0.016	21.169	38.269	274.291	2.864	-38.162	215.747	43.252	45.584	105.968	-69.739	50	78.549	90.000	8.034	97.185	21.157	21.193	-0.408	0.015	997.963	44.000	101.300
243	14.08.21 15:33:58	8.750	9441280	1798993	0.000	0.017	21.327	23.384	36.388	18.824	13.872	33.294	41.705	47.375	103.163	-69.703	50	78.201	90.000	9.230	97.604	21.338	21.375	-0.367	0.016	997.923	44.000	101.300
244	14.08.21 16:03:58	8.750	9441280	1798994	0.000	0.017	21.490	30.879	57.442	16.618	26.026	29.863	41.725	47.327	99.880	-69.660	50	80.231	82.191	0.505	97.461	21.504	21.513	-0.381	0.016	997.893	44.000	101.300
245	14.08.21 16:33:58	8.756	9441280	1798995	0.000	0.018	21.543	17.529	293.877	7.095	-16.029	30.062	41.724	47.326	97.144	-69.715	50	80.216	81.313	0.433	97.621	21.591	21.582	-0.365	0.016	997.878	44.000	101.300
246	14.08.21 17:03:58	8.750	9441280	1798994	0.000	0.018	21.634	60.155	214.627	-49.499	-34.182	30.233	41.715	47.363	113.361	-69.716	50	80.363	81.384	0.456	97.639	21.648	21.632	-0.363	0.016	997.867	44.000	101.300
247	14.08.21 17:33:58	8.761	9441280	1798994	0.000	0.018	21.689	14.392	267.662	-0.587	-14.380	30.172	41.714	47.349	95.950	-69.642	50	80.283	81.222	0.440	97.604	21.714	21.709	-0.367	0.017	997.850	44.000	101.300
248	14.08.21 18:03:58	8.761	9441280	1798993	0.000	0.019	21.793	47.716	255.765	-11.734	-46.251	30.165	41.717	47.351	97.822	-69.747	50	80.310	81.392	0.482	97.606	21.803	21.808	-0.366	0.017	997.827	44.000	101.300
249	14.08.21 18:33:58	8.744	9441280	1798994	0.000	0.018	21.907	6.800	337.782	6.295	-2.571	29.802	41.706	47.311	110.360	-69.674	50	80.054	81.307	0.529	97.630	21.907	21.915	-0.364	0.017	997.803	44.000	101.300
250	14.08.21 19:03:58	8.785	9441280	1798993	0.000	0.018	21.986	32.270	235.488	-18.284	-26.591	30.114	41.711	47.351	108.813	-69.693	50	80.285	81.356	0.514	97.626	22.019	22.028	-0.364	0.016	997.778	44.000	101.300
251	14.08.21 19:33:58	8.756	9441280	1798994	0.000	0.018	22.100	24.725	154.699	-22.353	10.567	29.998	41.724	47.323	106.877	-69.646	50	80.203	81.130	0.435	97.604	22.131	22.137	-0.367	0.017	997.753	44.000	101.300
252	14.08.21 20:03:58	8.785	9441280	1798994	0.000	0.018	22.214	37.538	46.606	25.789	27.277	26.631	41.712	47.321	103.527	-69.645	50	80.133	81.126	0.416	97.705	22.233	22.236	-0.357	0.017	997.730	44.000	101.300
253	14.08.21 20:33:58	8.756	9441280	1798994	0.000	0.019	22.301	11.585	105.816	-3.157	11.146	21.570	41.702	47.321	119.438	-69.555	50	80.079	81.331	0.437	97.601	22.332	22.336	-0.367	0.017	997.707	44.000	101.300
254	14.08.21 21:03:58	8.750	9441280	1798994	0.000	0.019	22.402	15.500	96.447	-1.740	15.402	21.688	41.728	47.320	105.754	-69.720	50	80.208	81.391	0.509	97.557	22.430	22.435	-0.371	0.017	997.685	44.000	101.300
255	14.08.21 21:33:58	8.756	9441280	1798994	0.000	0.019	22.513	22.215	255.952	-5.392	-21.550	21.465	41.695	47.314	109.266	-69.706	50	80.013	80.954	0.426	97.570	22.518	22.526	-0.370	0.017	997.663	44.000	101.300
256	14.08.21 22:03:58	8.756	9441280	1798994	0.000	0.019	22.582	42.890	3.621	42.805	2.709	21.701	41.717	47.342	114.667	-69.662	50	80.264	81.539	0.444	97.669	22.598	22.604	-0.360	0.017	997.645	44.000	101.300
257	14.08.21 22:33:58	8.761	9441280	1798994	0.000	0.019	22.694	19.006	19.607	17.904	6.378	21.794	41.719	47.333	110.484	-69.681	50	80.229	81.252	0.486	97.478	22.665	22.663	-0.379	0.017	997.632	44.000	101.300
258	14.08.21 23:03:58	8.750	9441280	1798993	0.000	0.019	22.676	17.753	104.055	-4.312	17.222	21.734	41.718	47.338	106.396	-69.604	50	80.255	82.051	0.577	97.679	22.707	22.689	-0.359	0.017	997.626	44.000	101.300
259	14.08.21 23:33:58	8.756	9441280	1798994	0.000	0.019	22.718	14.455	231.055	-9.086	-11.243	22.035	41.724	47.341	103.247	-69.690	50	80.299	81.093	0.478	97.640	22.719	22.695	-0.363	0.017	997.624	44.000	101.300
260	15.08.21 00:03:58	8.756	9445376	1798994	0.000	0.018	22.679	17.885	96.487	-2.021	17.771	21.743	41.710	47.331	100.273	-69.557	50	80.173	81.426	0.478	97.616	22.701	22.674	-0.365	0.017	997.629	44.000	101.300
261	15.08.21 00:33:58	8.756	9445376	1798994	0.000	0.018	22.626	40.560	319.503	30.843	-26.340	21.887	41.723	47.343	116.931	-69.718	50	80.301	81.261	0.426	97.716	22.654	22.618	-0.355	0.017	997.642	44.000	101.300
262	15.08.21 01:03:58	8.761	9445376	1798993	0.000	0.018	22.568	14.040	43.581	10.171	9.679	21.766	41.720	47.315	97.780	-69.707	50	80.135	80.854	0.392	97.729	22.583	22.546	-0.354	0.017	997.659	44.000	101.300
263	15.08.21 01:33:58	8.756	9445376	1798993	0.000	0.018	22.486	23.849	184.158	-23.786	-1.729	21.788	41.724	47.315	114.420	-69.662	50	80.162	81.270	0.488	97.589	22.511	22.475	-0.368	0.017	997.675	44.000	101.300
264	15.08.21 02:03:58	8.756	9445376	1798994	0.000	0.018	22.421	30.325	68.438	11.145	28.203	21.804	41.728	47.333	100.107	-69.587	50	80.274	81.471	0.476	97.561	22.450	22.417	-0.371	0.017	997.688	44.000	101.300
265	15.08.21 02:33:58	8.750	9445376	1798994	0.000	0.017	22.392	24.042	6.989	23.863	2.926	21.845	41.732	47.335	114.664	-69.675	50	80.302	81.039	0.434	97.611	22.399	22.369	-0.366	0.016	997.699	44.000	101.300
266	15.08.21 03:03:58	8.756	9445376	1798994	0.000	0.017	22.330	4.950	122.813	-2.682	4.160	21.799	41.741	47.292	117.095	-69.630	50	80.125	80.894	0.378	97.451	22.353	22.325	-0.382	0.016	997.710	44.000	101.300
267	15.08.21 03:33:58	8.756	9445376	1798994	0.000	0.018	22.304	15.472	75.894	3.771	15.005	21.731	41.719	47.320	113.545	-69.651	50	80.160	80.990	0.371	97.581	22.302	22.272	-0.369	0.016	997.722	44.000	101.300
268	15.08.21 04:03:58	8.750	9445376	1798993	0.000	0.018	22.222	30.679	176.230	-30.613	2.017	21.714	41.732	47.303	103.150	-69.696	50	80.137	81.175	0.445	97.397	22.251	22.221	-0.387	0.016	997.733	44.000	101.300
269	15.08.21 04:33:58	8.756	9445376	1798994	0.000	0.017	22.206	36.496	126.255	-21.583	29.430	21.647	41.722	47.316	112.258	-69.667	50	80.162	81.377	0.560	97.284	22.205	22.175	-0.398	0.016	997.744	44.000	101.300
270	15.08.21 05:03:58	8.750	9445376	1798993	0.000	0.017	22.175	33.545	280.236	5.961	-33.011	21.739	41.727	47.309	114.391	-69.720	50	80.140	81.044	0.416	97.452	22.157	22.127	-0.382	0.016	997.755	44.000	101.300
271	15.08.21 05:33:58	8.750	9445376	1798994	0.000	0.018	22.077	16.367	351.823	16.201	-2.328	21.847	41.717	47.329	103.469	-69.679	50	80.200	81.448	0.465	97.439	22.105	22.076	-0.383	0.017	997.767	44.000	101.300
272	15.08.21 06:03:58	8.750	9445376	1798994	0.000	0.018	22.053	38.190	260.669	-6.192	-37.684	21.803	41.728	47.319	104.567	-69.667	50	80.200	81.259	0.416	97.350	22.055	22.025	-0.392	0.017	997.778	44.000	101.300
273	15.08.21 06:33:58	8.750	9445376	1798993	0.000	0.018	22.024	33.221	332.682	29.516	-15.246	21.529	41.706	47.303	112.245	-69.614	50	80.014	81.073	0.480	97.468	22.021	21.995	-0.380	0.016	997.785	44.000	101.300
274	15.08.21 07:03:58	8.744	9441280	1798994	0.000	0.018	21.965	10.040	203.597	-9.201	-4.019	21.938	41.736	47.315	107.933	-69.671	50	80.226	81.801	0.588	97.317	21.992	21.967	-0.395	0.016	997.791	44.000	101.300
275	15.08.21 07:33:58	8.750	9441280	1798994	0.000	0.017	21.947	50.752	13.951	49.255	12.236	21.874	41.731	47.335	111.697	-69.678	50	80.300	81.275	0.485	97.324	21.966	21.940	-0.394	0.016	997.797	44.000	101.300
276	15.08.21 08:03:58	8.750	9441280	1798994	0.000	0.018	21.939	16.641	143.583	-13.391	9.879	21.819	41.725	47.315	107.042	-69.669	50	80.167	81.248	0.411	97.248	21.936	21.909	-0.402	0.017	997.804	44.000	101.300
277	15.08.21 08:33:58	8.744	9445376	1798993	0.000	0.017	21.883	37.466	263.974	-3.933	-37.259	21.710	41.702	47.323	107.110	-69.689	50	80.090	81.215	0.438	97.246	21.896	21.869	-0.402	0.016	997.813	44.000	101.300
278	15.08.21 09:03:58	8.750	9445376	1798994	0.000	0.018	21.864	6.430	29.134	5.617	3.131	21.836	41.740	47.322	96.283	-69.673	50	80.276	81.407	0.445	97.206	21.850	21.820	-0.406	0.016	997.824	44.000	101.300
279	15.08.21 09:33:58	8.750	9445376	1798993	0.000	0.017	21.788	25.467	234.101	-14.932	-20.629	21.907	41.722	47.340	120.721	-69.667	50	80.286	82.102	0.559	97.196	21.792	21.762	-0.407	0.016	997.837	44.000	101.300
280	15.08.21 10:03:58	8.737	9445376	1798993	0.000	0.017	21.732	16.398	333.551	14.682	-7.304	21.690	41.720	47.312	109.332	-69.672	50	80.129	81.253	0.517	97.189	21.733	21.705	-0.408	0.016	997.850	44.000	101.300
281	15.08.21 10:33:58	8.744	9445376	1798994	0.000	0.017	21.678	43.634	31.589	37.169	22.857	24.736	41.730	47.320	117.821	-69.738	50	80.213	81.239	0.432	97.243	21.680	21.654	-0.402	0.016	997.861	44.000	101.300
282	15.08.21 11:03:58	8.744	9445376	1798994	0.000	0.018	21.601	45.860	50.273	29.311	35.271	30.816	41.705	47.327	97.409	-69.655	50	80.125	80.949	0.416	97.130	21.635	21.611	-0.414	0.016	997.871	44.000	101.300
283	15.08.21 11:33:58	8.737	9445376	1798994	0.000	0.018	21.596	68.165	20.974	63.648	24.399	30.795	41.708	47.332	107.775	-69.669	50	80.168	81.355	0.428	97.195	21.598	21.577	-0.407	0.016	997.879	44.000	101.300
284	15.08.21 12:03:58	8.744	9449472	1798994	0.000	0.018	21.572	40.770	298.459	19.428	-35.843	30.875	41.728	47.329	115.431	-69.709	50	80.252	81.542	0.459	97.137	21.563	21.542	-0.413	0.016	997.887	44.000	101.300
285	15.08.21 12:33:58	8.744	9449472	1798994	0.000	0.018	21.510	8.359	289.031	2.726	-7.902	48.281	42.186	46.850	95.531	-69.651	50	80.130	84.915	1.183	97.234	21.522	21.507	-0.403	0.016	997.894	44.000	101.300
286	15.08.21 13:03:58	8.737	9449472	1798993	0.000	0.017	21.489	28.143	201.255	-26.228	-10.202	169.092	44.104	44.992	120.361	-69.645	50	80.086	81.492	0.512	97.266	21.491	21.474	-0.400	0.016	997.901	44.000	101.300
287	15.08.21 13:33:58	8.744	9449472	1798994	0.000	0.017	21.444	52.285	121.642	-27.429	44.512	169.274	44.112	44.973	113.203	-69.706	50	80.021	81.277	0.506	97.166	21.461	21.445	-0.410	0.016	997.908	44.000	101.300
288	15.08.21 14:03:58	8.744	9449472	1798995	0.000	0.017	21.442	46.738	357.669	46.699	-1.901	168.042	44.123	44.969	107.614	-69.736	50	80.059	81.441	0.472	97.161	21.437	21.425	-0.411	0.016	997.912	44.000	101.300
289	15.08.21 14:33:58	8.737	9449472	1798994	0.000	0.018	21.431	16.578	322.254	13.108	-10.148	168.517	44.084	44.980	114.377	-69.680	50	79.916	81.592	0.517	97.201	21.428	21.422	-0.407	0.016	997.913	44.000	101.300
290	15.08.21 15:03:58	8.725	9449472	1798994	0.000	0.018	21.468	38.987	17.416	37.200	11.669	168.676	44.103	45.000	113.766	-69.690	50	80.125	81.445	0.510	97.235	21.436	21.440	-0.403	0.016	997.909	44.000	101.300
291	15.08.21 15:33:58	8.737	9449472	1798993	0.000	0.017	21.482	11.540	82.356	1.535	11.438	168.810	44.112	44.978	117.777	-69.726	50	80.046	80.942	0.491	97.252	21.458	21.466	-0.402	0.016	997.903	44.000	101.300
292	15.08.21 16:03:58	8.731	9449472	1798995	0.000	0.018	21.494	10.623	283.235	2.432	-10.341	168.818	44.119	44.986	118.278	-69.754	50	80.129	81.568	0.468	97.241	21.482	21.491	-0.403	0.016	997.898	44.000	101.300
293	15.08.21 16:33:58	8.737	9449472	1798994	0.000	0.018	21.500	25.260	359.922	25.260	-0.034	168.411	44.101	45.008	126.317	-69.729	50	80.157	81.584	0.511	97.210	21.509	21.518	-0.406	0.016	997.892	44.000	101.300
294	15.08.21 17:03:58	8.737	9449472	1798994	0.000	0.017	21.556	27.281	204.768	-24.772	-11.430	178.371	44.242	44.525	118.766	-69.689	50	79.117	90.000	6.219	97.155	21.544	21.552	-0.411	0.016	997.884	44.000	101.300
295	15.08.21 17:33:58	8.737	9449472	1798994	0.000	0.017	21.562	28.500	85.062	2.453	28.395	160.958	42.073	47.352	119.347	-69.632	50	80.378	90.000	1.663	97.238	21.575	21.574	-0.403	0.016	997.879	44.000	101.300
296	15.08.21 18:03:58	8.737	9449472	1798994	0.000	0.017	21.610	16.785	44.678	11.935	11.802	158.478	41.721	47.326	104.646	-69.692	50	80.205	81.098	0.452	97.159	21.592	21.595	-0.411	0.016	997.874	44.000	101.300
297	15.08.21 18:33:58	8.737	9449472	1798994	0.000	0.017	21.636	19.296	59.054	9.922	16.549	157.495	41.701	47.381	102.553	-69.639	50	80.391	81.883	0.594	97.246	21.615	21.621	-0.402	0.016	997.869	44.000	101.300
298	15.08.21 19:03:58	8.731	9449472	1798994	0.000	0.017	21.657	11.255	48.352	7.479	8.410	157.784	41.699	47.362	103.859	-69.646	50	80.277	81.097	0.394	97.205	21.643	21.649	-0.406	0.016	997.862	44.000	101.300
299	15.08.21 19:33:58	8.731	9449472	1798993	0.000	0.017	21.674	4.746	30.085	4.107	2.379	157.340	41.716	47.383	111.781	-69.698	50	80.473	82.429	0.526	97.235	21.676	21.685	-0.403	0.016	997.855	44.000	101.300
300	15.08.21 20:03:58	8.725	9449472	1798994	0.000	0.017	21.706	45.752	107.099	-13.453	43.730	157.625	41.705	47.375	103.828	-69.730	50	80.375	81.495	0.497	97.301	21.720	21.731	-0.397	0.016	997.844	44.000	101.300
301	15.08.21 20:33:58	8.731	9449472	1798994	0.000	0.017	21.764	38.906	303.316	21.370	-32.512	157.861	41.690	47.376	115.897	-69.673	50	80.301	81.390	0.455	97.278	21.765	21.765	-0.399	0.016	997.837	44.000	101.300
302	15.08.21 21:03:58	8.731	9449472	1798994	0.000	0.018	21.795	21.867	38.176	17.190	13.516	157.430	41.724	47.380	99.468	-69.706	50	80.497	82.124	0.497	97.233	21.795	21.782	-0.403	0.016	997.833	44.000	101.300
303	15.08.21 21:33:58	8.725	9449472	1798994	0.000	0.017	21.804	14.062	340.854	13.284	-4.612	157.871	41.677	47.372	113.814	-69.636	50	80.220	81.340	0.437	97.154	21.807	21.786	-0.411	0.016	997.832	44.000	101.300
304	15.08.21 22:03:58	8.731	9449472	1798994	0.000	0.018	21.782	15.097	18.494	14.318	4.789	157.643	41.705	47.373	113.441	-69.711	50	80.365	81.381	0.453	97.176	21.795	21.769	-0.409	0.016	997.836	44.000	101.300
305	15.08.21 22:33:58	8.725	9449472	1798994	0.000	0.018	21.745	8.973	90.400	-0.063	8.973	157.746	41.694	47.372	121.885	-69.675	50	80.307	81.580	0.521	97.250	21.763	21.731	-0.402	0.016	997.844	44.000	101.300
306	15.08.21 23:03:58	8.725	9449472	1798994	0.000	0.017	21.729	11.735	310.848	7.675	-8.877	157.405	41.701	47.384	110.327	-69.676	50	80.400	81.317	0.440	97.224	21.732	21.705	-0.404	0.016	997.850	44.000	101.300
307	15.08.21 23:33:58	8.725	9449472	1798994	0.000	0.017	21.705	35.037	206.360	-31.394	-15.557	157.866	41.704	47.358	113.117	-69.700	50	80.282	81.508	0.493	97.078	21.714	21.690	-0.419	0.016	997.853	44.000	101.300
308	16.08.21 00:03:58	8.731	9449472	1798994	0.000	0.017	21.676	28.185	59.595	14.264	24.308	157.787	41.697	47.361	115.484	-69.703	50	80.258	81.248	0.404	97.333	21.702	21.682	-0.394	0.016	997.855	44.000	101.300
309	16.08.21 00:33:58	8.725	9449472	1798994	0.000	0.017	21.660	11.960	124.612	-6.793	9.843	157.840	41.672	47.384	105.394	-69.637	50	80.255	81.193	0.430	97.316	21.694	21.675	-0.395	0.016	997.856	44.000	101.300
310	16.08.21 01:03:58	8.737	9449472	1798994	0.000	0.017	21.665	22.400	323.647	18.041	-13.278	157.942	41.696	47.373	114.720	-69.672	50	80.320	81.329	0.484	97.181	21.688	21.669	-0.409	0.016	997.858	44.000	101.300
311	16.08.21 01:33:58	8.731	9449472	1798994	0.000	0.017	21.676	47.329	141.327	-36.951	29.575	157.768	41.682	47.381	92.439	-69.719	50	80.287	81.215	0.458	97.345	21.673	21.651	-0.392	0.016	997.862	44.000	101.300
312	16.08.21 02:03:58	8.725	9449472	1798994	0.000	0.017	21.628	18.671	150.460	-16.244	9.206	157.697	41.693	47.382	91.784	-69.694	50	80.355	81.258	0.542	97.293	21.652	21.628	-0.397	0.016	997.867	44.000	101.300
313	16.08.21 02:33:58	8.725	9449472	1798993	0.000	0.017	21.612	8.182	289.233	2.695	-7.725	157.850	41.683	47.389	108.537	-69.723	50	80.340	81.545	0.543	97.250	21.632	21.605	-0.402	0.016	997.872	44.000	101.300
314	16.08.21 03:03:58	8.725	9449472	1798994	0.000	0.017	21.578	18.238	158.417	-16.959	6.709	157.966	41.678	47.375	112.547	-69.640	50	80.243	81.222	0.550	97.228	21.603	21.574	-0.404	0.016	997.879	44.000	101.300
315	16.08.21 03:33:58	8.725	9449472	1798993	0.000	0.018	21.577	9.592	125.011	-5.503	7.857	158.095	41.669	47.374	96.604	-69.707	50	80.190	81.194	0.459	97.268	21.571	21.542	-0.400	0.016	997.886	44.000	101.300
316	16.08.21 04:03:58	8.731	9449472	1798994	0.000	0.017	21.530	27.217	288.850	8.794	-25.758	157.896	41.701	47.366	118.072	-69.723	50	80.309	81.148	0.432	97.128	21.532	21.505	-0.414	0.016	997.894	44.000	101.300
317	16.08.21 04:33:58	8.720	9449472	1798994	0.000	0.018	21.494	27.279	7.597	27.040	3.606	157.927	41.692	47.360	117.257	-69.710	50	80.231	81.140	0.443	97.033	21.495	21.467	-0.423	0.016	997.903	44.000	101.300
318	16.08.21 05:03:58	8.720	9449472	1798994	0.000	0.017	21.486	34.833	29.807	30.225	17.315	157.806	41.697	47.378	112.122	-69.711	50	80.361	81.992	0.583	97.031	21.456	21.430	-0.423	0.016	997.911	44.000	101.300
319	16.08.21 05:33:58	8.720	9449472	1798994	0.000	0.018	21.402	19.042	339.864	17.878	-6.555	157.966	41.699	47.356	105.607	-69.681	50	80.242	81.371	0.410	97.030	21.424	21.400	-0.424	0.016	997.918	44.000	101.300
320	16.08.21 06:03:58	8.725	9449472	1798993	0.000	0.017	21.402	22.765	49.743	14.711	17.373	157.776	41.703	47.375	100.748	-69.704	50	80.363	81.557	0.483	97.071	21.397	21.378	-0.420	0.016	997.922	44.000	101.300
321	16.08.21 06:33:58	8.720	9449472	1798994	0.000	0.018	21.375	27.012	1.611	27.001	0.759	158.051	41.699	47.347	108.573	-69.717	50	80.200	81.168	0.445	97.143	21.379	21.360	-0.412	0.016	997.927	44.000	101.300
322	16.08.21 07:03:58	8.720	9449472	1798994	0.000	0.018	21.358	40.376	302.600	21.754	-34.015	158.079	41.694	47.355	119.333	-69.705	50	80.215	81.350	0.497	97.058	21.359	21.341	-0.421	0.016	997.931	44.000	101.300
323	16.08.21 07:33:58	8.731	9449472	1798994	0.000	0.017	21.327	18.595	237.556	-9.976	-15.692	158.117	41.677	47.366	106.666	-69.636	50	80.191	81.807	0.523	97.173	21.344	21.328	-0.409	0.016	997.934	44.000	101.300
324	16.08.21 08:03:58	8.720	9449472	1798994	0.000	0.017	21.326	26.370	84.606	2.479	26.253	157.857	41.682	47.382	107.579	-69.667	50	80.294	81.168	0.416	97.172	21.336	21.320	-0.409	0.016	997.935	44.000	101.300
325	16.08.21 08:33:58	8.720	9449472	1798994	0.000	0.017	21.361	39.194	110.875	-13.966	36.622	157.919	41.693	47.372	88.564	-69.693	50	80.296	81.652	0.440	97.342	21.335	21.322	-0.393	0.016	997.935	44.000	101.300
326	16.08.21 09:03:58	8.714	9449472	1798994	0.000	0.016	21.342	0.676	182.809	-0.675	-0.033	151.300	42.478	46.465	104.108	-69.718	50	80.091	90.000	3.635	97.115	21.341	21.334	-0.415	0.016	997.932	44.000	101.300
327	16.08.21 09:33:58	8.720	9449472	1798994	0.000	0.017	21.386	45.467	218.621	-35.523	-28.379	203.764	45.022	46.365	113.983	-69.689	50	81.266	90.000	8.365	96.240	21.369	21.368	-0.502	0.016	997.924	44.000	101.300
328	16.08.21 10:03:58	8.708	9449472	1798994	0.000	0.017	21.402	10.351	184.381	-10.321	-0.791	164.506	43.441	46.126	114.054	-69.656	50	78.560	90.000	8.846	97.014	21.415	21.403	-0.425	0.016	997.917	44.000	101.300
329	16.08.21 10:33:58	8.720	9449472	1798994	0.000	0.017	21.535	13.340	262.436	-1.756	-13.224	173.387	42.642	45.082	111.386	-69.672	50	77.240	90.000	10.068	97.048	21.554	21.581	-0.422	0.016	997.878	44.000	101.300
330	16.08.21 11:03:58	8.714	9449472	1798994	0.000	0.017	21.713	11.867	72.843	3.501	11.339	130.908	42.544	46.687	115.510	-69.681	50	79.341	90.000	4.320	97.289	21.750	21.797	-0.398	0.016	997.829	44.000	101.300
331	16.08.21 11:33:58	8.725	9449472	1798994	0.000	0.018	21.926	24.826	113.764	-10.004	22.721	98.573	44.002	45.901	112.801	-69.724	50	78.655	90.000	10.209	96.417	21.971	22.035	-0.484	0.016	997.775	44.000	101.300
332	16.08.21 12:03:58	8.714	9449472	1798994	0.000	0.019	22.260	15.131	114.517	-6.279	13.767	171.209	42.373	44.718	114.736	-69.679	50	75.727	90.000	13.009	96.776	22.314	22.390	-0.449	0.017	997.694	44.000	101.300
333	16.08.21 12:33:58	8.720	9449472	1798994	0.000	0.020	22.678	27.030	288.318	8.496	-25.661	158.257	43.580	46.038	100.473	-69.742	50	77.530	90.000	13.548	97.181	22.763	22.848	-0.409	0.017	997.588	44.000	101.300
334	16.08.21 13:03:58	8.714	9449472	1798994	0.000	0.019	23.116	13.126	185.393	-13.068	-1.234	179.540	44.045	45.292	110.791	-69.577	50	76.470	90.000	16.067	97.405	23.198	23.273	-0.386	0.017	997.487	44.000	101.300
335	16.08.21 13:33:58	8.725	9449472	1798994	0.000	0.019	23.500	22.398	181.043	-22.395	-0.408	112.919	43.554	44.941	108.843	-69.598	50	77.953	90.000	13.314	97.435	23.605	23.695	-0.383	0.017	997.385	44.000	101.300
336	16.08.21 14:03:58	8.725	9449472	1798994	0.000	0.020	24.013	20.733	249.674	-7.202	-19.442	354.738	43.326	45.984	99.267	-69.552	50	75.723	90.000	14.697	97.563	24.100	24.218	-0.371	0.018	997.257	44.000	101.300
337	16.08.21 14:33:58	8.731	9449472	1798994	0.000	0.021	24.379	8.632	250.270	-2.914	-8.125	332.763	43.514	46.312	114.380	-69.534	50	74.503	90.000	15.069	97.635	24.444	24.522	-0.364	0.018	997.181	44.000	101.300
338	16.08.21 15:03:58	8.737	9449472	1798993	0.000	0.020	24.771	14.614	118.371	-6.944	12.858	342.160	42.122	44.960	110.015	-69.573	50	74.935	90.000	13.542	97.353	24.824	24.918	-0.392	0.018	997.081	44.000	101.300
339	16.08.21 15:33:58	8.731	9449472	1798994	0.000	0.020	25.224	7.820	28.330	6.883	3.711	334.914	42.841	46.390	107.473	-69.482	50	76.633	90.000	14.512	97.569	25.267	25.406	-0.370	0.018	996.955	44.000	101.300
340	16.08.21 16:03:58	8.744	9449472	1798994	0.000	0.020	25.730	13.601	328.912	11.648	-7.023	349.205	44.016	46.391	108.346	-69.550	50	77.084	90.000	14.258	97.269	25.787	25.949	-0.400	0.018	996.812	44.000	101.300
341	16.08.21 16:33:58	8.744	9449472	1798994	0.000	0.020	26.274	18.376	116.841	-8.297	16.396	76.673	43.790	46.026	109.962	-69.456	50	77.573	90.000	12.507	97.258	26.319	26.478	-0.401	0.018	996.671	44.000	101.300
342	16.08.21 17:03:58	8.744	9449472	1798994	0.000	0.020	26.713	12.694	341.137	12.012	-4.104	302.386	44.040	46.240	108.535	-69.488	50	78.015	90.000	11.774	97.778	26.775	26.904	-0.349	0.018	996.555	44.000	101.300
343	16.08.21 17:33:58	8.750	9449472	1798994	0.000	0.019	27.119	35.306	316.781	25.729	-24.177	232.689	42.618	46.357	104.724	-69.480	50	79.700	80.768	0.519	97.805	27.154	27.263	-0.347	0.018	996.456	44.000	101.300
344	16.08.21 18:03:58	8.750	9449472	1798994	0.000	0.020	27.347	36.797	280.591	6.763	-36.170	255.538	42.792	46.052	103.454	-69.393	50	79.700	90.000	3.706	97.744	27.406	27.468	-0.353	0.018	996.399	44.000	101.300
345	16.08.21 18:33:58	8.744	9449472	1798995	0.000	0.020	27.515	77.154	79.086	14.608	75.758	336.888	43.055	45.651	97.347	-69.362	50	77.801	90.000	13.481	97.577	27.528	27.582	-0.369	0.018	996.367	44.000	101.300
346	16.08.21 19:03:58	8.731	9449472	1798994	0.000	0.020	27.789	35.967	107.152	-10.607	34.368	342.765	44.303	46.279	105.874	-69.394	50	78.804	90.000	13.231	97.845	27.804	27.902	-0.343	0.018	996.277	44.000	101.300
347	16.08.21 19:33:58	8.750	9449472	1798994	0.000	0.021	28.098	31.344	12.604	30.589	6.840	345.651	42.824	45.284	112.080	-69.424	50	77.260	90.000	12.020	97.194	28.127	28.221	-0.407	0.018	996.186	44.000	101.300
348	16.08.21 20:03:58	8.756	9449472	1798994	0.000	0.020	28.366	22.083	95.592	-2.152	21.977	346.906	42.655	46.573	96.986	-69.424	50	78.542	90.000	14.609	96.461	28.352	28.509	-0.480	0.018	996.103	44.000	101.300
349	16.08.21 20:33:58	8.761	9449472	1798994	0.000	0.021	28.579	34.733	325.965	28.783	-19.440	338.554	43.374	45.707	112.803	-69.392	50	76.674	90.000	14.537	97.070	28.523	28.671	-0.420	0.018	996.057	44.000	101.300
350	16.08.21 21:03:58	8.756	9449472	1798994	0.000	0.020	28.613	33.614	83.122	4.025	33.372	338.545	43.459	46.658	115.770	-69.389	50	78.696	90.000	11.379	96.718	28.597	28.701	-0.455	0.018	996.048	44.000	101.300
351	16.08.21 21:33:58	8.761	9449472	1798994	0.000	0.020	28.671	53.462	141.521	-41.852	33.266	10.474	43.552	48.018	109.505	-69.348	50	77.874	90.000	11.648	96.408	28.647	28.728	-0.485	0.018	996.039	44.000	101.300
352	16.08.21 22:03:58	8.756	9453568	1798994	0.000	0.019	28.680	38.323	51.334	23.943	29.922	327.822	43.719	46.306	119.074	-69.372	50	78.432	90.000	13.133	95.669	28.708	28.643	-0.559	0.018	996.064	44.000	101.300
353	16.08.21 22:33:58	8.761	9453568	1798993	0.000	0.020	28.570	48.201	85.199	4.034	48.032	333.501	41.959	44.522	118.862	-69.336	50	72.962	90.000	12.344	95.889	28.639	28.567	-0.537	0.018	996.086	44.000	101.300
354	16.08.21 23:03:58	8.761	9453568	1798994	0.000	0.019	28.464	52.056	20.344	48.809	18.097	308.737	44.526	46.367	102.700	-69.387	50	80.460	90.000	11.914	96.773	28.515	28.461	-0.449	0.018	996.117	44.000	101.300
355	16.08.21 23:33:58	8.756	9453568	1798995	0.000	0.020	28.393	50.720	338.636	47.234	-18.477	283.994	44.172	46.792	116.838	-69.397	50	81.769	90.000	6.319	97.226	28.430	28.384	-0.404	0.018	996.139	44.000	101.300
356	17.08.21 00:03:58	8.761	9457664	1798995	0.000	0.020	28.354	56.372	299.159	27.466	-49.228	320.551	42.577	46.444	107.166	-69.475	50	80.034	90.000	1.805	97.211	28.378	28.351	-0.406	0.018	996.149	44.000	101.300
357	17.08.21 00:33:58	8.756	9457664	1798994	0.000	0.020	28.275	24.598	174.950	-24.502	2.165	323.862	42.426	46.563	102.408	-69.387	50	79.796	80.757	0.512	97.011	28.310	28.273	-0.425	0.018	996.171	44.000	101.300
358	17.08.21 01:03:58	8.761	9453568	1798994	0.000	0.020	28.153	26.753	43.549	19.390	18.432	324.411	42.411	46.593	113.173	-69.402	50	79.867	80.881	0.385	97.162	28.196	28.160	-0.410	0.018	996.203	44.000	101.300
359	17.08.21 01:33:58	8.756	9453568	1798995	0.000	0.020	28.039	32.309	320.036	24.764	-20.752	324.290	42.415	46.594	114.082	-69.427	50	79.900	81.063	0.445	97.025	28.046	28.004	-0.424	0.018	996.248	44.000	101.300
360	17.08.21 02:03:58	8.756	9453568	1798994	0.000	0.020	27.844	15.133	283.498	3.532	-14.715	329.825	42.421	46.568	103.838	-69.506	50	79.793	80.484	0.375	97.145	27.871	27.820	-0.412	0.018	996.300	44.000	101.300
361	17.08.21 02:33:58	8.756	9453568	1798994	0.000	0.020	27.617	53.083	328.075	45.054	-28.071	331.013	42.423	46.595	101.335	-69.425	50	79.941	81.242	0.488	96.985	27.665	27.602	-0.428	0.018	996.361	44.000	101.300
362	17.08.21 03:03:58	8.761	9457664	1798993	0.000	0.020	27.397	36.028	144.828	-29.450	20.754	330.694	42.423	46.571	116.323	-69.433	50	79.824	80.943	0.444	96.990	27.425	27.358	-0.428	0.018	996.429	44.000	101.300
363	17.08.21 03:33:58	8.750	9461760	1798993	0.000	0.022	27.140	19.842	254.835	-5.190	-19.151	330.929	42.458	46.589	106.943	-69.454	50	80.093	81.396	0.547	96.988	27.167	27.098	-0.428	0.019	996.502	44.000	101.300
364	17.08.21 04:03:58	8.756	9461760	1798994	0.000	0.021	26.834	39.507	32.152	33.449	21.024	330.718	42.448	46.610	100.396	-69.430	50	80.146	81.504	0.539	96.953	26.895	26.823	-0.431	0.018	996.577	44.000	101.300
365	17.08.21 04:33:58	8.744	9474048	1798994	0.000	0.021	26.563	19.781	72.110	6.077	18.825	330.478	42.450	46.597	108.475	-69.425	50	80.082	81.074	0.424	96.846	26.608	26.533	-0.442	0.018	996.656	44.000	101.300
366	17.08.21 05:03:58	8.750	9474048	1798994	0.000	0.021	26.274	8.829	359.721	8.829	-0.043	330.472	42.451	46.602	99.565	-69.517	50	80.116	81.108	0.496	96.952	26.317	26.242	-0.431	0.018	996.734	44.000	101.300
367	17.08.21 05:33:58	8.731	9482240	1798994	0.000	0.022	25.976	11.528	131.960	-7.708	8.573	329.856	42.431	46.608	107.866	-69.499	50	80.047	81.169	0.411	96.917	26.019	25.945	-0.435	0.019	996.814	44.000	101.300
368	17.08.21 06:03:58	8.737	9482240	1798994	0.000	0.022	25.699	41.914	1.334	41.903	0.976	329.764	42.441	46.590	103.637	-69.454	50	80.016	82.343	0.601	96.826	25.715	25.641	-0.444	0.019	996.894	44.000	101.300
369	17.08.21 06:33:58	8.744	9478144	1798994	0.000	0.022	25.419	30.316	331.106	26.543	-14.649	329.616	42.459	46.585	108.700	-69.507	50	80.075	81.786	0.602	96.771	25.414	25.342	-0.449	0.018	996.972	44.000	101.300
370	17.08.21 07:03:58	8.737	9478144	1798994	0.000	0.022	25.110	16.262	67.478	6.229	15.022	329.571	42.457	46.611	114.065	-69.542	50	80.191	81.432	0.425	96.735	25.113	25.040	-0.453	0.018	997.050	44.000	101.300
371	17.08.21 07:33:58	8.725	9457664	1798994	0.000	0.021	24.819	31.465	61.266	15.127	27.591	329.634	42.457	46.622	101.059	-69.467	50	80.256	81.543	0.553	96.731	24.798	24.722	-0.453	0.018	997.131	44.000	101.300
372	17.08.21 08:03:58	8.737	9457664	1798995	0.000	0.022	24.520	14.789	111.218	-5.352	13.786	325.058	42.461	46.616	111.784	-69.607	50	80.244	81.387	0.513	96.708	24.477	24.391	-0.455	0.018	997.214	44.000	101.300
373	17.08.21 08:33:58	8.731	9457664	1798994	0.000	0.021	24.211	27.244	158.056	-25.270	10.181	317.249	42.455	46.623	108.127	-69.627	50	80.247	81.736	0.521	96.706	24.157	24.072	-0.456	0.018	997.293	44.000	101.300
374	17.08.21 09:03:58	8.725	9457664	1798994	0.000	0.021	23.915	28.652	199.140	-27.068	-9.395	317.468	42.458	46.632	104.949	-69.587	50	80.313	81.530	0.566	96.769	23.857	23.773	-0.449	0.018	997.367	44.000	101.300
375	17.08.21 09:33:58	8.725	9457664	1798994	0.000	0.021	23.659	35.009	246.253	-14.098	-32.045	318.050	42.482	46.651	111.826	-69.620	50	80.541	81.759	0.530	96.701	23.584	23.504	-0.456	0.018	997.432	44.000	101.300
376	17.08.21 10:03:58	8.720	9457664	1798994	0.000	0.020	23.386	35.099	283.990	8.485	-34.057	317.939	42.482	46.615	109.468	-69.623	50	80.342	81.239	0.486	96.699	23.353	23.285	-0.456	0.018	997.485	44.000	101.300
377	17.08.21 10:33:58	8.714	9457664	1798994	0.000	0.020	23.237	34.825	133.280	-23.875	25.353	318.061	42.457	46.647	115.149	-69.607	50	80.384	81.533	0.492	96.676	23.183	23.130	-0.459	0.018	997.522	44.000	101.300
378	17.08.21 11:03:58	8.720	9457664	1798993	0.000	0.020	23.104	38.038	351.485	37.619	-5.632	318.055	42.466	46.642	107.104	-69.605	50	80.408	81.731	0.490	96.561	23.088	23.053	-0.470	0.018	997.540	44.000	101.300
379	17.08.21 11:33:58	8.720	9457664	1798994	0.000	0.019	23.111	1.282	296.983	0.582	-1.142	318.743	42.462	46.640	111.652	-69.652	50	80.373	81.463	0.492	96.490	23.070	23.060	-0.477	0.017	997.538	44.000	101.300
380	17.08.21 12:03:58	8.708	9457664	1798994	0.000	0.020	23.166	37.758	296.502	16.849	-33.791	314.001	42.339	46.725	116.750	-69.632	50	78.499	90.000	8.931	96.510	23.131	23.176	-0.475	0.017	997.511	44.000	101.300
381	17.08.21 12:33:58	8.714	9457664	1798994	0.000	0.020	23.507	16.562	331.993	14.623	-7.777	322.930	43.636	46.312	102.064	-69.705	50	78.863	90.000	12.452	95.799	23.466	23.609	-0.546	0.018	997.406	44.000	101.300
382	17.08.21 13:03:58	8.720	9457664	1798994	0.000	0.020	24.088	41.075	170.550	-40.518	6.744	314.918	44.024	46.173	98.810	-69.579	50	80.031	90.000	9.646	95.943	24.075	24.286	-0.531	0.018	997.239	44.000	101.300
383	17.08.21 13:33:58	8.725	9457664	1798994	0.000	0.021	24.671	22.215	80.353	3.723	21.901	308.463	44.088	47.597	102.215	-69.606	50	78.319	90.000	11.748	96.205	24.678	24.864	-0.505	0.018	997.094	44.000	101.300
384	17.08.21 14:03:58	8.720	9457664	1798994	0.000	0.021	25.282	35.529	96.964	-4.307	35.267	323.836	44.213	46.161	99.624	-69.496	50	79.500	90.000	11.004	96.222	25.310	25.478	-0.504	0.018	996.936	44.000	101.300
385	17.08.21 14:33:58	8.720	9457664	1798994	0.000	0.021	25.840	36.279	94.806	-3.040	36.152	320.440	42.447	47.096	104.396	-69.469	50	79.048	90.000	11.296	95.618	25.840	25.991	-0.564	0.018	996.801	44.000	101.300
386	17.08.21 15:03:58	8.725	9457664	1798994	0.000	0.021	26.347	44.955	62.892	20.485	40.017	303.300	43.765	45.546	108.589	-69.470	50	78.284	90.000	13.284	96.316	26.294	26.462	-0.494	0.018	996.675	44.000	101.300
387	17.08.21 15:33:58	8.725	9457664	1798993	0.000	0.021	26.784	18.552	91.758	-0.569	18.544	301.999	43.830	46.182	104.863	-69.461	50	77.466	90.000	12.003	95.202	26.738	26.919	-0.605	0.018	996.550	44.000	101.300
388	17.08.21 16:03:58	8.731	9461760	1798994	0.000	0.021	27.264	15.242	35.252	12.447	8.797	318.428	44.004	46.544	106.072	-69.457	50	78.646	90.000	13.395	95.034	27.203	27.386	-0.622	0.018	996.421	44.000	101.300
389	17.08.21 16:33:58	8.744	9461760	1798994	0.000	0.020	27.739	49.860	236.001	-27.881	-41.336	288.198	44.093	47.145	102.614	-69.490	50	81.058	90.000	9.543	95.409	27.676	27.869	-0.584	0.018	996.285	44.000	101.300
390	17.08.21 17:03:58	8.744	9461760	1798994	0.000	0.020	28.226	33.614	188.742	-33.224	-5.109	133.501	42.394	46.663	104.870	-69.451	50	80.148	81.498	0.536	95.465	28.145	28.325	-0.579	0.018	996.155	44.000	101.300
391	17.08.21 17:33:58	8.744	9461760	1798993	0.000	0.020	28.587	35.249	124.073	-19.748	29.197	336.915	42.784	45.743	107.896	-69.336	50	74.672	90.000	11.913	95.537	28.508	28.675	-0.572	0.018	996.055	44.000	101.300
392	17.08.21 18:03:58	8.744	9461760	1798994	0.000	0.020	28.932	34.081	149.287	-29.301	17.407	324.227	44.034	46.948	112.336	-69.404	50	79.732	90.000	12.002	95.704	28.828	29.002	-0.555	0.018	995.959	44.000	101.300
393	17.08.21 18:33:58	8.750	9461760	1798993	0.000	0.019	29.243	37.629	191.794	-36.834	-7.691	312.937	42.818	45.270	97.193	-69.386	50	76.754	90.000	10.995	96.344	29.159	29.326	-0.492	0.018	995.864	44.000	101.300
394	17.08.21 19:03:58	8.750	9461760	1798994	0.000	0.020	29.564	4.122	287.352	1.229	-3.935	312.907	43.629	45.537	109.107	-69.429	50	77.567	90.000	11.129	95.891	29.463	29.616	-0.537	0.018	995.778	44.000	101.300
395	17.08.21 19:33:58	8.750	9461760	1798994	0.000	0.017	29.776	25.864	193.011	-25.200	-5.823	288.071	42.962	44.937	111.396	-69.430	50	75.962	90.000	14.233	96.188	29.686	29.826	-0.507	0.018	995.714	44.000	101.300
396	17.08.21 20:03:58	8.750	9465856	1798994	0.000	0.020	29.976	56.833	283.984	13.734	-55.149	319.636	42.991	45.210	106.140	-69.409	50	76.245	90.000	13.370	96.050	29.905	30.038	-0.521	0.018	995.651	44.000	101.300
397	17.08.21 20:33:58	8.756	9465856	1798993	0.000	0.017	30.068	57.266	113.372	-22.718	52.567	263.228	43.068	45.973	105.119	-69.355	50	80.323	90.000	6.245	95.937	30.035	30.071	-0.532	0.017	995.640	44.000	101.300
398	17.08.21 21:03:58	8.750	9465856	1798994	0.000	0.018	29.370	14.323	275.637	1.407	-14.254	301.291	44.385	44.657	138.854	-69.392	50	79.756	80.654	0.540	96.032	29.392	29.293	-0.523	0.018	995.873	44.000	101.300
399	17.08.21 21:33:58	8.756	9465856	1798994	0.000	0.020	28.741	19.700	331.987	17.392	-9.252	301.025	44.427	44.634	123.751	-69.368	50	79.851	81.960	0.569	95.893	28.675	28.585	-0.536	0.018	996.081	44.000	101.300
400	17.08.21 22:03:58	8.744	9465856	1798994	0.000	0.021	28.245	55.902	34.943	45.824	32.019	301.063	44.426	44.627	118.657	-69.448	50	79.802	80.673	0.528	95.788	28.102	28.021	-0.547	0.018	996.243	44.000	101.300
401	17.08.21 22:33:58	8.737	9465856	1798993	0.000	0.021	27.769	47.968	44.887	33.985	33.852	301.150	44.418	44.634	123.504	-69.433	50	79.799	80.669	0.469	95.764	27.651	27.586	-0.549	0.018	996.365	44.000	101.300
402	17.08.21 23:03:58	8.744	9465856	1798993	0.000	0.021	27.426	31.799	51.118	19.961	24.754	301.117	44.435	44.622	124.047	-69.385	50	79.824	80.916	0.542	95.843	27.287	27.244	-0.541	0.019	996.461	44.000	101.300
403	17.08.21 23:33:58	8.737	9465856	1798994	0.000	0.022	27.111	82.921	347.029	80.805	-18.612	300.656	44.437	44.631	120.839	-69.428	50	79.876	80.858	0.416	95.615	26.986	27.012	-0.564	0.019	996.525	44.000	101.300
404	18.08.21 00:03:58	8.737	9465856	1798994	0.000	0.022	26.817	35.658	305.054	20.480	-29.190	300.923	44.446	44.627	123.158	-69.444	50	79.907	80.922	0.481	95.773	26.735	26.757	-0.548	0.019	996.595	44.000	101.300
405	18.08.21 00:33:58	8.731	9465856	1798994	0.000	0.023	26.594	14.323	317.412	10.545	-9.692	301.074	44.454	44.625	126.389	-69.550	50	79.933	80.958	0.487	95.614	26.519	26.536	-0.564	0.019	996.655	44.000	101.300
406	18.08.21 01:03:58	8.737	9465856	1798994	0.000	0.022	26.407	34.135	265.806	-2.496	-34.044	300.962	44.475	44.620	126.895	-69.430	50	80.021	80.980	0.515	95.579	26.327	26.343	-0.568	0.019	996.707	44.000	101.300
407	18.08.21 01:33:58	8.731	9465856	1798994	0.000	0.022	26.237	23.581	254.478	-6.310	-22.721	300.631	44.484	44.626	120.240	-69.547	50	80.096	81.336	0.474	95.559	26.159	26.172	-0.569	0.019	996.753	44.000	101.300
408	18.08.21 02:03:58	8.725	9465856	1798994	0.000	0.021	26.062	50.188	304.640	28.527	-41.292	301.068	44.484	44.634	121.440	-69.472	50	80.152	82.709	0.606	95.766	26.010	26.022	-0.549	0.018	996.792	44.000	101.300
409	18.08.21 02:33:58	8.725	9465856	1798994	0.000	0.021	25.933	21.673	272.926	1.106	-21.645	300.619	44.487	44.636	127.267	-69.550	50	80.174	81.373	0.540	95.557	25.879	25.890	-0.570	0.018	996.827	44.000	101.300
410	18.08.21 03:03:58	8.731	9465856	1798993	0.000	0.021	25.811	34.850	34.973	28.557	19.976	300.631	44.476	44.631	118.577	-69.486	50	80.092	81.465	0.599	95.602	25.762	25.774	-0.565	0.018	996.858	44.000	101.300
411	18.08.21 03:33:58	8.725	9465856	1798994	0.000	0.022	25.674	34.057	247.707	-12.919	-31.512	300.849	44.480	44.642	115.079	-69.597	50	80.170	81.428	0.514	95.660	25.660	25.668	-0.559	0.019	996.886	44.000	101.300
412	18.08.21 04:03:58	8.725	9465856	1798994	0.000	0.021	25.619	98.350	313.842	68.124	-70.936	300.616	44.477	44.623	121.487	-69.483	50	80.052	81.705	0.601	95.480	25.568	25.575	-0.577	0.018	996.910	44.000	101.300
413	18.08.21 04:33:58	8.725	9465856	1798994	0.000	0.021	25.513	2.933	203.947	-2.681	-1.191	300.779	44.513	44.635	128.319	-69.579	50	80.307	81.247	0.497	95.521	25.486	25.492	-0.573	0.018	996.932	44.000	101.300
414	18.08.21 05:03:58	8.725	9465856	1798994	0.000	0.022	25.447	40.199	53.207	24.076	32.191	300.612	44.477	44.633	120.573	-69.477	50	80.102	81.462	0.525	95.544	25.413	25.418	-0.571	0.018	996.951	44.000	101.300
415	18.08.21 05:33:58	8.725	9465856	1798993	0.000	0.020	25.349	17.122	193.272	-16.664	-3.931	300.749	44.488	44.635	127.338	-69.569	50	80.169	81.415	0.521	95.408	25.347	25.351	-0.584	0.018	996.968	44.000	101.300
416	18.08.21 06:03:58	8.725	9465856	1798995	0.000	0.021	25.308	52.842	353.568	52.510	-5.920	301.024	44.503	44.620	118.517	-69.449	50	80.166	81.162	0.404	95.421	25.289	25.294	-0.583	0.018	996.983	44.000	101.300
417	18.08.21 06:33:58	8.708	9465856	1798993	0.000	0.021	25.249	61.556	12.693	60.052	13.525	300.915	44.499	44.630	123.023	-69.500	50	80.200	81.411	0.501	95.554	25.237	25.242	-0.570	0.018	996.997	44.000	101.300
418	18.08.21 07:03:58	8.720	9465856	1798993	0.000	0.021	25.199	35.913	298.701	17.247	-31.500	300.673	44.497	44.623	130.330	-69.581	50	80.153	81.346	0.502	95.475	25.190	25.195	-0.578	0.018	997.009	44.000	101.300
419	18.08.21 07:33:58	8.714	9465856	1798993	0.000	0.020	25.174	30.468	234.974	-17.487	-24.950	300.862	44.498	44.638	123.100	-69.487	50	80.242	81.200	0.456	95.474	25.149	25.153	-0.578	0.018	997.019	44.000	101.300
420	18.08.21 08:03:58	8.720	9465856	1798995	0.000	0.021	25.132	24.502	13.785	23.796	5.838	300.503	44.509	44.620	129.826	-69.517	50	80.200	81.380	0.479	95.523	25.112	25.115	-0.573	0.018	997.030	44.000	101.300
421	18.08.21 08:33:58	8.725	9465856	1798993	0.000	0.021	25.122	79.835	354.970	79.527	-7.000	300.705	44.475	44.636	119.814	-69.476	50	80.105	81.392	0.551	95.466	25.080	25.080	-0.579	0.018	997.038	44.000	101.300
422	18.08.21 09:03:58	8.720	9465856	1798994	0.000	0.021	25.076	11.119	51.332	6.947	8.681	300.634	44.497	44.605	142.555	-69.485	50	80.052	81.327	0.537	95.457	25.049	25.052	-0.580	0.018	997.046	44.000	101.300
423	18.08.21 09:33:58	8.720	9465856	1798994	0.000	0.021	25.031	35.711	178.381	-35.697	1.009	300.553	44.503	44.635	126.478	-69.540	50	80.257	81.668	0.549	95.334	25.021	25.023	-0.592	0.018	997.053	44.000	101.300
424	18.08.21 10:03:58	8.714	9465856	1798994	0.000	0.021	24.992	44.198	127.593	-26.963	35.021	300.654	44.515	44.631	134.658	-69.605	50	80.299	82.244	0.561	95.419	24.996	24.997	-0.583	0.018	997.060	44.000	101.300
425	18.08.21 10:33:58	8.714	9465856	1798994	0.000	0.021	24.993	21.123	275.706	2.100	-21.018	300.648	44.481	44.653	130.637	-69.540	50	80.236	81.488	0.524	95.411	24.974	24.974	-0.584	0.018	997.066	44.000	101.300
426	18.08.21 11:03:58	8.720	9465856	1798993	0.000	0.021	24.968	27.827	18.761	26.348	8.950	300.572	44.505	44.641	135.831	-69.493	50	80.301	81.712	0.537	95.465	24.953	24.952	-0.579	0.018	997.072	44.000	101.300
427	18.08.21 11:33:58	8.708	9465856	1798993	0.000	0.021	24.947	15.312	318.981	11.553	-10.050	300.592	44.496	44.646	122.219	-69.580	50	80.273	81.363	0.508	95.394	24.933	24.932	-0.586	0.018	997.076	44.000	101.300
428	18.08.21 12:03:58	8.720	9465856	1798993	0.000	0.020	24.921	15.678	69.513	5.487	14.687	300.493	44.524	44.644	129.411	-69.552	50	80.413	81.688	0.496	95.383	24.916	24.915	-0.587	0.018	997.081	44.000	101.300
429	18.08.21 12:33:58	8.720	9465856	1798994	0.000	0.021	24.894	38.617	76.641	8.923	37.572	300.592	44.517	44.652	128.005	-69.531	50	80.422	82.135	0.522	95.415	24.898	24.899	-0.584	0.018	997.085	44.000	101.300
430	18.08.21 13:03:58	8.714	9465856	1798994	0.000	0.021	24.880	17.211	64.471	7.418	15.531	300.752	44.511	44.637	133.691	-69.558	50	80.307	81.281	0.466	95.422	24.885	24.885	-0.583	0.018	997.088	44.000	101.300
431	18.08.21 13:33:58	8.714	9465856	1798993	0.000	0.021	24.873	55.909	222.293	-41.357	-37.623	300.722	44.518	44.634	126.466	-69.595	50	80.328	81.488	0.488	95.354	24.873	24.872	-0.590	0.018	997.092	44.000	101.300
432	18.08.21 14:03:58	8.720	9465856	1798995	0.000	0.020	24.873	4.718	10.284	4.643	0.842	300.494	44.519	44.620	134.598	-69.514	50	80.250	81.026	0.458	95.400	24.860	24.860	-0.585	0.018	997.095	44.000	101.300
433	18.08.21 14:33:58	8.714	9465856	1798994	0.000	0.020	24.868	39.678	33.411	33.121	21.849	300.422	44.519	44.605	125.708	-69.577	50	80.175	81.268	0.511	95.223	24.851	24.850	-0.603	0.018	997.097	44.000	101.300
434	18.08.21 15:03:58	8.714	9465856	1798994	0.000	0.020	24.834	41.935	27.039	37.352	19.064	281.571	44.043	44.766	124.071	-69.546	50	79.691	82.045	3.432	95.344	24.838	24.833	-0.591	0.018	997.101	44.000	101.300
435	18.08.21 15:33:58	8.702	9465856	1798994	0.000	0.017	24.484	16.734	89.068	0.272	16.732	204.865	34.976	34.251	127.096	-67.162	50	68.140	82.504	25.441	95.483	24.247	24.344	-0.577	0.017	997.224	44.000	101.300
