"Contour Data = Velocity Direction degrees"
"C:\Users\sk\Google Диск\sc\2021\kerch_082021\DVS\DVS1.pd0"
"Broadband 2457.6 kHz"
"Pings/Ens ="	1
"Time/Ping = 00:04.00"
"First Ensemble Date = 00/01/01"
"First Ensemble Time = 01:44:09.00"
"Ensemble Interval (s) = "	0,00
"1st Bin Range (m) = "	1,32
"Bin Size (m) ="	1,00

Ens	YR	MO	DA	HH	MM	SS	HH		1	2	3	4	5



21	21	08	09	20	42	48	00		87,6	111,0	115,5	118,4	114,3
22	21	08	09	21	02	48	00		113,9	131,0	127,1	122,1	131,3
23	21	08	09	21	22	48	00		74,2	84,2	85,4	81,2	89,3
24	21	08	09	21	42	48	00		94,6	103,2	102,7	96,6	109,0
25	21	08	09	22	02	48	00		147,6	146,7	147,1	144,5	142,8
26	21	08	09	22	22	48	00		165,5	161,8	166,7	168,6	167,1
27	21	08	09	22	42	48	00		79,6	87,4	82,9	93,4	72,0
28	21	08	09	23	02	48	00		149,6	145,0	141,8	137,3	154,9
29	21	08	09	23	22	48	00		91,8	90,6	89,4	84,5	80,5
30	21	08	09	23	42	48	00		98,6	101,6	86,6	83,4	94,1
31	21	08	10	00	02	48	00		92,8	91,8	93,0	93,1	100,3
32	21	08	10	00	22	48	00		122,0	124,1	119,6	114,4	114,8
33	21	08	10	00	42	48	00		90,7	86,6	89,3	92,3	88,4
34	21	08	10	01	02	48	00		76,1	85,2	83,0	81,2	94,8
35	21	08	10	01	22	49	00		101,4	101,1	101,3	110,8	99,8
36	21	08	10	01	42	49	00		60,9	50,6	50,7	43,7	59,5
37	21	08	10	02	02	49	00		95,8	94,1	97,8	101,8	100,0
38	21	08	10	02	22	49	00		79,4	75,5	76,6	73,7	79,5
39	21	08	10	02	42	49	00		103,6	120,5	96,1	118,1	108,7
40	21	08	10	03	02	49	00		71,0	64,3	66,3	83,0	70,5
41	21	08	10	03	22	49	00		339,0	24,8	19,0	3,7	333,4
42	21	08	10	03	42	49	00		127,2	123,1	159,8	135,0	180,0
43	21	08	10	04	02	49	00		61,3	64,2	53,5	57,5	57,4
44	21	08	10	04	22	49	00		94,4	100,9	75,6	124,2	93,6
45	21	08	10	04	42	49	00		88,4	85,8	91,1	95,1	82,0
46	21	08	10	05	02	49	00		78,3	76,7	80,3	75,6	106,9
47	21	08	10	05	22	49	00		97,1	99,5	83,7	78,1	91,7
48	21	08	10	05	42	49	00		123,4	130,3	124,0	126,0	128,1
49	21	08	10	06	02	49	00		72,0	97,7	96,3	106,7	114,0
50	21	08	10	06	22	49	00		29,2	28,6	46,0	33,2	353,7
51	21	08	10	06	42	49	00		106,6	94,1	95,2	110,7	102,7
52	21	08	10	07	02	49	00		341,6	11,9	19,3	45,0	30,6
53	21	08	10	07	22	49	00		290,0	293,2	296,6	309,8	277,6
54	21	08	10	07	42	49	00		336,4	296,6	325,1	350,2	4,2
55	21	08	10	08	02	49	00		55,0	45,0	213,7	347,9	331,4
56	21	08	10	08	22	49	00		19,1	12,8	30,8	18,1	38,9
57	21	08	10	08	42	49	00		239,0	186,7	180,0	151,4	149,6
58	21	08	10	09	02	49	00		139,2	137,5	162,6	115,2	159,4
59	21	08	10	09	22	49	00		347,7	327,5	192,5	208,3	199,0
60	21	08	10	09	42	49	00		8,4	3,2	17,8	34,7	98,9
61	21	08	10	10	02	49	00		306,9	302,7	271,9	298,0	291,6
62	21	08	10	10	22	49	00		206,6	188,7	211,0	209,7	291,8
63	21	08	10	10	42	49	00		301,4	299,7	301,0	280,3	300,3
64	21	08	10	11	02	49	00		262,1	274,8	285,6	297,3	321,8
65	21	08	10	11	22	49	00		186,3	202,8	211,0	194,0	239,0
66	21	08	10	11	42	49	00		301,0	305,0	320,7	325,6	328,4
67	21	08	10	12	02	49	00		203,2	202,4	198,4	180,0	172,3
68	21	08	10	12	22	49	00		61,9	46,2	37,9	45,9	27,5
69	21	08	10	12	42	49	00		254,1	274,8	270,0	299,7	284,0
70	21	08	10	13	02	49	00		354,2	352,7	10,7	21,8	27,0
71	21	08	10	13	22	49	00		76,0	63,4	74,1	78,3	91,9
72	21	08	10	13	42	49	00		213,0	207,1	215,1	199,4	239,0
73	21	08	10	14	02	49	00		114,2	116,0	123,3	131,6	108,0
74	21	08	10	14	22	49	00		110,2	111,8	115,9	108,1	83,8
75	21	08	10	14	42	49	00		329,0	20,0	4,8	330,6	358,0
76	21	08	10	15	02	49	00		279,5	309,3	324,5	310,9	263,9
77	21	08	10	15	22	49	00		125,9	123,7	120,3	125,7	118,1
78	21	08	10	15	42	49	00		205,3	185,7	181,7	184,8	194,4
79	21	08	10	16	02	49	00		263,7	237,1	206,6	195,5	239,9
80	21	08	10	16	22	49	00		25,0	32,2	37,3	38,0	22,8
81	21	08	10	16	42	49	00		342,6	353,9	24,9	22,6	294,8
82	21	08	10	17	02	49	00		149,0	167,2	192,5	188,1	163,3
83	21	08	10	17	22	49	00		2,9	6,7	2,5	5,1	40,0
84	21	08	10	17	42	49	00		114,0	132,0	145,3	185,4	116,6
85	21	08	10	18	02	49	00		285,5	317,7	293,2	264,0	349,4
86	21	08	10	18	22	49	00		316,8	348,4	323,6	355,6	321,6
87	21	08	10	18	42	49	00		217,8	207,5	182,7	187,9	183,1
88	21	08	10	19	02	49	00		138,4	197,8	173,7	156,0	158,5
89	21	08	10	19	22	49	00		37,6	45,0	23,4	10,3	7,1
90	21	08	10	19	42	49	00		221,2	163,3	220,2	281,3	254,1
91	21	08	10	20	02	49	00		63,4	80,5	90,0	84,3	132,0
92	21	08	10	20	22	49	00		243,4	236,3	108,4	117,9	161,6
93	21	08	10	20	42	49	00		332,4	339,8	337,8	350,1	4,3
94	21	08	10	21	02	49	00		123,1	135,0	130,4	159,6	168,7
95	21	08	10	21	22	49	00		274,1	300,3	306,9	312,0	270,0
96	21	08	10	21	42	49	00		83,7	305,5	337,4	111,8	90,0
97	21	08	10	22	02	49	00		90,0	62,2	6,7	64,8	52,6
98	21	08	10	22	22	49	00		240,9	226,6	241,6	271,3	255,3
99	21	08	10	22	42	49	00		221,9	214,0	204,3	221,2	221,3
100	21	08	10	23	02	49	00		278,7	273,3	284,7	288,2	294,3
101	21	08	10	23	22	49	00		245,0	225,0	221,8	185,4	222,3
102	21	08	10	23	42	49	00		256,4	263,0	251,6	253,7	262,6
103	21	08	11	00	02	49	00		199,7	200,4	204,8	199,4	209,1
104	21	08	11	00	22	49	00		234,9	228,2	236,8	225,8	219,2
105	21	08	11	00	42	49	00		189,9	208,7	211,3	218,7	171,4
106	21	08	11	01	02	49	00		298,3	293,2	321,3	329,4	335,0
107	21	08	11	01	22	49	00		291,4	308,0	317,7	315,0	320,0
108	21	08	11	01	42	49	00		209,1	290,6	270,0	274,4	197,4
109	21	08	11	02	02	49	00		333,4	330,9	354,6	351,5	318,6
110	21	08	11	02	22	49	00		342,9	321,3	340,7	35,5	323,1
111	21	08	11	02	42	49	00		240,5	239,0	228,8	212,7	208,1
112	21	08	11	03	02	49	00		318,6	308,7	349,2	321,0	294,9
113	21	08	11	03	22	49	00		225,0	180,0	184,5	180,0	240,3
114	21	08	11	03	42	49	00		213,7	281,3	73,3	123,7	318,8
115	21	08	11	04	02	49	00		144,1	138,8	138,5	137,6	170,5
116	21	08	11	04	22	49	00		191,3	258,7	303,7	212,0	270,0
117	21	08	11	04	42	49	00		161,9	160,8	160,5	161,9	182,8
118	21	08	11	05	02	49	00		200,9	225,0	217,4	199,4	218,7
119	21	08	11	05	22	49	00		35,0	32,0	15,3	32,0	16,9
120	21	08	11	05	42	49	00		109,2	132,9	119,1	76,0	160,0
121	21	08	11	06	02	49	00		319,2	295,6	309,0	309,5	324,2
122	21	08	11	06	22	49	00		263,0	272,4	263,5	271,2	244,7
123	21	08	11	06	42	49	00		205,0	192,3	193,2	223,0	265,6
124	21	08	11	07	02	49	00		173,2	180,0	168,0	193,1	172,9
125	21	08	11	07	22	49	00		141,3	118,8	213,7	164,1	115,2
126	21	08	11	07	42	49	00		279,5	68,2	0,0	288,4	309,8
127	21	08	11	08	02	49	00		272,7	305,5	305,3	284,6	317,7
128	21	08	11	08	22	49	00		20,6	22,8	14,0	29,1	20,2
129	21	08	11	08	42	49	00		319,4	328,0	348,1	315,0	306,5
130	21	08	11	09	02	49	00		286,6	313,5	300,6	288,4	261,0
131	21	08	11	09	22	49	00		193,2	210,1	188,9	202,4	180,0
132	21	08	11	09	42	49	00		209,4	219,4	229,6	219,6	228,2
133	21	08	11	10	02	49	00		176,3	200,1	188,3	188,7	209,7
134	21	08	11	10	22	49	00		260,5	259,4	278,5	246,4	285,5
135	21	08	11	10	42	49	00		0,0	322,4	227,7	328,6	128,7
136	21	08	11	11	02	49	00		349,7	193,2	206,6	158,2	185,7
137	21	08	11	11	22	49	00		32,7	40,1	25,2	26,6	18,4
138	21	08	11	11	42	49	00		199,0	232,1	212,2	223,6	265,7
139	21	08	11	12	02	49	00		120,4	126,4	134,3	115,7	110,1
140	21	08	11	12	22	49	00		259,2	261,1	276,6	265,5	276,2
141	21	08	11	12	42	49	00		135,0	107,1	121,6	141,3	39,3
142	21	08	11	13	02	49	00		302,5	225,0	270,0	347,9	122,3
143	21	08	11	13	22	49	00		323,6	317,6	315,0	336,3	322,0
144	21	08	11	13	42	49	00		210,5	203,2	194,5	201,0	208,6
145	21	08	11	14	02	49	00		192,5	204,6	202,9	197,1	227,1
146	21	08	11	14	22	49	00		141,3	149,7	128,0	170,0	177,6
147	21	08	11	14	42	49	00		172,1	180,0	186,5	195,7	183,2
148	21	08	11	15	02	49	00		76,3	90,0	84,6	96,7	121,0
149	21	08	11	15	22	49	00		218,3	237,1	223,7	229,8	237,8
150	21	08	11	15	42	49	00		32,2	36,4	40,9	59,3	74,3
151	21	08	11	16	02	49	00		253,3	238,2	253,0	223,5	244,9
152	21	08	11	16	22	49	00		311,8	302,7	311,2	0,0	263,5
153	21	08	11	16	42	49	00		106,7	118,6	83,7	126,9	79,1
154	21	08	11	17	02	49	00		67,6	71,1	74,5	80,5	83,7
155	21	08	11	17	22	49	00		228,8	230,7	235,6	237,1	178,0
156	21	08	11	17	42	49	00		90,0	329,0	326,3	45,0	352,9
157	21	08	11	18	02	49	00		35,0	66,8	23,2	78,2	315,0
158	21	08	11	18	22	49	00		40,0	41,2	46,1	32,6	41,4
159	21	08	11	18	42	49	00		246,6	233,1	254,1	242,8	174,3
160	21	08	11	19	02	49	00		129,0	139,1	156,8	159,4	117,3
161	21	08	11	19	22	49	00		245,3	248,6	245,6	227,1	330,1
162	21	08	11	19	42	49	00		18,4	29,5	28,9	48,6	84,4
163	21	08	11	20	02	49	00		222,5	212,2	230,2	228,9	198,4
164	21	08	11	20	22	49	00		53,7	59,0	94,4	85,9	190,3
165	21	08	11	20	42	49	00		285,3	315,0	299,7	288,4	288,4
166	21	08	11	21	02	49	00		140,5	104,3	130,9	118,7	134,2
167	21	08	11	21	22	49	00		330,1	340,4	331,1	323,6	324,7
168	21	08	11	21	42	49	00		211,0	222,1	224,1	234,0	247,4
169	21	08	11	22	02	49	00		138,6	123,7	86,8	148,0	189,5
170	21	08	11	22	22	49	00		158,2	152,2	168,7	146,3	128,7
171	21	08	11	22	42	49	00		306,9	286,7	294,7	276,7	301,5
172	21	08	11	23	02	49	00		129,8	121,0	149,0	170,5	189,5
173	21	08	11	23	22	49	00		310,9	308,8	293,0	296,6	310,7
174	21	08	11	23	42	49	00		212,6	214,7	203,7	215,6	203,2
175	21	08	12	00	02	49	00		281,3	275,4	235,0	229,9	229,6
176	21	08	12	00	22	49	00		270,0	259,1	247,0	249,4	246,6
177	21	08	12	00	42	49	00		149,0	56,3	166,0	82,9	133,4
178	21	08	12	01	02	49	00		200,3	222,6	213,4	227,7	195,7
179	21	08	12	01	22	49	00		245,1	256,8	285,9	217,9	263,7
180	21	08	12	01	42	49	00		315,0	296,6	285,3	301,0	172,9
181	21	08	12	02	02	49	00		356,1	339,4	11,7	331,6	336,8
182	21	08	12	02	22	49	00		309,8	258,7	330,9	288,4	26,6
183	21	08	12	02	42	49	00		248,2	229,4	235,8	223,7	183,4
184	21	08	12	03	02	49	00		356,4	0,0	350,5	356,2	7,9
185	21	08	12	03	22	49	00		272,7	304,6	288,4	265,6	49,4
186	21	08	12	03	42	49	00		241,9	213,7	238,0	199,3	286,7
187	21	08	12	04	02	49	00		35,5	322,1	332,1	331,7	321,8
188	21	08	12	04	22	49	00		206,0	194,3	209,7	204,5	217,3
189	21	08	12	04	42	49	00		189,2	195,5	187,8	188,7	173,2
190	21	08	12	05	02	49	00		296,6	50,7	0,0	288,4	14,9
191	21	08	12	05	22	49	00		215,9	205,5	210,4	209,7	215,1
192	21	08	12	05	42	49	00		268,5	270,0	230,2	250,6	246,0
193	21	08	12	06	02	49	00		180,0	193,1	177,1	177,3	163,6
194	21	08	12	06	22	49	00		252,6	266,6	274,0	250,7	203,7
195	21	08	12	06	42	49	00		150,8	147,7	135,0	130,6	152,1
196	21	08	12	07	02	49	00		286,3	264,6	273,8	273,8	284,0
197	21	08	12	07	22	49	00		184,4	191,6	198,4	191,6	203,0
198	21	08	12	07	42	49	00		209,7	209,9	191,3	197,1	189,0
199	21	08	12	08	02	49	00		2,0	358,0	13,5	8,4	153,4
200	21	08	12	08	22	49	00		29,7	170,5	98,7	9,5	131,4
201	21	08	12	08	42	49	00		192,0	204,8	187,9	194,9	213,0
202	21	08	12	09	02	49	00		238,5	263,8	260,5	282,3	293,6
203	21	08	12	09	22	49	00		206,6	196,5	202,8	212,6	243,4
204	21	08	12	09	42	49	00		268,5	284,3	288,4	300,3	299,2
205	21	08	12	10	02	49	00		167,5	175,2	155,8	187,1	226,0
206	21	08	12	10	22	49	00		263,2	257,7	266,2	301,0	268,6
207	21	08	12	10	42	49	00		200,6	200,2	199,8	206,6	229,8
208	21	08	12	11	02	49	00		216,3	254,7	216,9	193,2	132,0
209	21	08	12	11	22	49	00		247,5	265,0	236,7	264,4	286,9
210	21	08	12	11	42	49	00		198,4	257,5	53,1	341,6	347,7
211	21	08	12	12	02	49	00		182,9	193,6	197,5	198,4	213,7