15.01	-1	0.0715
15.01	-1.5	0.0593
15.01	-2	0.0614
15.01	-2.5	0.0535
15.01	-3	0.0259
15.01	-3.5	0.0174
15.01	-4	0.0213
15.01	-4.5	0.0022
15.01	-5	0.0426
15.21	-1	0.0120
15.21	-1.5	0.0081
15.21	-2	0.0020
15.21	-2.5	0.0148
15.21	-3	0.0097
15.21	-3.5	0.0258
15.21	-4	0.0071
15.21	-4.5	0.0120
15.21	-5	0.0007
15.41	-1	0.0304
15.41	-1.5	0.0048
15.41	-2	0.0644
15.41	-2.5	0.0025
15.41	-3	0.0451
15.41	-3.5	0.0125
15.41	-4	0.0507
15.41	-4.5	0.0032
15.41	-5	0.0069
16.01	-1	0.0140
16.01	-1.5	0.0020
16.01	-2	0.0098
16.01	-2.5	0.0131
16.01	-3	0.0405
16.01	-3.5	0.0001
16.01	-4	0.0011
16.01	-4.5	0.0041
16.01	-5	0.0248
16.21	-1	0.0586
16.21	-1.5	0.0036
16.21	-2	0.0013
16.21	-2.5	0.0063
16.21	-3	0.0498
16.21	-3.5	0.0120
16.21	-4	0.0050
16.21	-4.5	0.0080
16.21	-5	0.0022
16.41	-1	0.0769
16.41	-1.5	0.0355
16.41	-2	0.0300
16.41	-2.5	0.0358
16.41	-3	0.0658
16.41	-3.5	0.0155
16.41	-4	0.0022
16.41	-4.5	0.0895
16.41	-5	0.0774
17.01	-1	0.0190
17.01	-1.5	0.0009
17.01	-2	0.0000
17.01	-2.5	0.0036
17.01	-3	0.0033
17.01	-3.5	0.0116
17.01	-4	0.0004
17.01	-4.5	0.0517
17.01	-5	0.0159
17.21	-1	0.0509
17.21	-1.5	0.0001
17.21	-2	0.0171
17.21	-2.5	0.0009
17.21	-3	0.0245
17.21	-3.5	0.0072
17.21	-4	0.0302
17.21	-4.5	0.0447
17.21	-5	0.0150
17.41	-1	0.0547
17.41	-1.5	0.0012
17.41	-2	0.0057
17.41	-2.5	0.0885
17.41	-3	0.0334
17.41	-3.5	0.0423
17.41	-4	0.0079
17.41	-4.5	0.0038
17.41	-5	0.0209
18.01	-1	0.0049
18.01	-1.5	0.0999
18.01	-2	0.0688
18.01	-2.5	0.0021
18.01	-3	0.0129
18.01	-3.5	0.0278
18.01	-4	0.0025
18.01	-4.5	0.0305
18.01	-5	0.0494
18.21	-1	0.0003
18.21	-1.5	0.0012
18.21	-2	0.0185
18.21	-2.5	0.0228
18.21	-3	0.0134
18.21	-3.5	0.0166
18.21	-4	0.0017
18.21	-4.5	0.0512
18.21	-5	0.0086
18.41	-1	0.0523
18.41	-1.5	0.0527
18.41	-2	0.0022
18.41	-2.5	0.0025
18.41	-3	0.0035
18.41	-3.5	0.0273
18.41	-4	0.0385
18.41	-4.5	0.0568
18.41	-5	0.0527
19.01	-1	0.1038
19.01	-1.5	0.0144
19.01	-2	0.0057
19.01	-2.5	0.0080
19.01	-3	0.0765
19.01	-3.5	0.0486
19.01	-4	0.0030
19.01	-4.5	0.0046
19.01	-5	0.0081
19.21	-1	0.0545
19.21	-1.5	0.0213
19.21	-2	0.0069
19.21	-2.5	0.0002
19.21	-3	0.0030
19.21	-3.5	0.0121
19.21	-4	0.0042
19.21	-4.5	0.0315
19.21	-5	0.0010
19.41	-1	0.0302
19.41	-1.5	0.0173
19.41	-2	0.0579
19.41	-2.5	0.0682
19.41	-3	0.0038
19.41	-3.5	0.0096
19.41	-4	0.0019
19.41	-4.5	0.0006
19.41	-5	0.0339
20.01	-1	0.0091
20.01	-1.5	0.0678
20.01	-2	0.0027
20.01	-2.5	0.0040
20.01	-3	0.0298
20.01	-3.5	0.0223
20.01	-4	0.0395
20.01	-4.5	0.0015
20.01	-5	0.0421
20.21	-1	0.0744
20.21	-1.5	0.0009
20.21	-2	0.0180
20.21	-2.5	0.0245
20.21	-3	0.0164
20.21	-3.5	0.0130
20.21	-4	0.0124
20.21	-4.5	0.0004
20.21	-5	0.0037
20.41	-1	0.1022
20.41	-1.5	0.0330
20.41	-2	0.0558
20.41	-2.5	0.0252
20.41	-3	0.0237
20.41	-3.5	0.0350
20.41	-4	0.0197
20.41	-4.5	0.0205
20.41	-5	0.0502
21.01	-1	0.0837
21.01	-1.5	0.0306
21.01	-2	0.0623
21.01	-2.5	0.0248
21.01	-3	0.0452
21.01	-3.5	0.0183
21.01	-4	0.0122
21.01	-4.5	0.0889
21.01	-5	0.0003
21.21	-1	0.0247
21.21	-1.5	0.0310
21.21	-2	0.0421
21.21	-2.5	0.0324
21.21	-3	0.0214
21.21	-3.5	0.0217
21.21	-4	0.0006
21.21	-4.5	0.0151
21.21	-5	0.0002
21.41	-1	0.0343
21.41	-1.5	0.0149
21.41	-2	0.0165
21.41	-2.5	0.0197
21.41	-3	0.0095
21.41	-3.5	0.0148
21.41	-4	0.0017
21.41	-4.5	0.0021
21.41	-5	0.0048
22.01	-1	0.0338
22.01	-1.5	0.0155
22.01	-2	0.0232
22.01	-2.5	0.0067
22.01	-3	0.0112
22.01	-3.5	0.0019
22.01	-4	0.0053
22.01	-4.5	0.0003
22.01	-5	0.0042
22.21	-1	0.0135
22.21	-1.5	0.0089
22.21	-2	0.0020
22.21	-2.5	0.0037
22.21	-3	0.0104
22.21	-3.5	0.0047
22.21	-4	0.0053
22.21	-4.5	0.0076
22.21	-5	0.0048
22.41	-1	0.0026
22.41	-1.5	0.0080
22.41	-2	0.0017
22.41	-2.5	0.0013
22.41	-3	0.0102
22.41	-3.5	0.0062
22.41	-4	0.0040
22.41	-4.5	0.0063
22.41	-5	0.0050
23.01	-1	0.0802
23.01	-1.5	0.0115
23.01	-2	0.0003
23.01	-2.5	0.0656
23.01	-3	0.0136
23.01	-3.5	0.0043
23.01	-4	0.0073
23.01	-4.5	0.0086
23.01	-5	0.0011
23.21	-1	0.0194
23.21	-1.5	0.0124
23.21	-2	0.0031
23.21	-2.5	0.0171
23.21	-3	0.0097
23.21	-3.5	0.0125
23.21	-4	0.0133
23.21	-4.5	0.0057
23.21	-5	0.0084
23.41	-1	0.0810
23.41	-1.5	0.0072
23.41	-2	0.0025
23.41	-2.5	0.0002
23.41	-3	0.0695
23.41	-3.5	0.0110
23.41	-4	0.0158
23.41	-4.5	0.0017
23.41	-5	0.0188
24.01	-1	0.0282
24.01	-1.5	0.0017
24.01	-2	0.0017
24.01	-2.5	0.0008
24.01	-3	0.0036
24.01	-3.5	0.0883
24.01	-4	0.0060
24.01	-4.5	0.0043
24.01	-5	0.0517
24.21	-1	0.0236
24.21	-1.5	0.0027
24.21	-2	0.0167
24.21	-2.5	0.0037
24.21	-3	0.0100
24.21	-3.5	0.0068
24.21	-4	0.0303
24.21	-4.5	0.0126
24.21	-5	0.0043
24.41	-1	0.0101
24.41	-1.5	0.0325
24.41	-2	0.0054
24.41	-2.5	0.0648
24.41	-3	0.0387
24.41	-3.5	0.0085
24.41	-4	0.0066
24.41	-4.5	0.0049
24.41	-5	0.0041
25.01	-1	0.0635
25.01	-1.5	0.0545
25.01	-2	0.0063
25.01	-2.5	0.0049
25.01	-3	0.0130
25.01	-3.5	0.0104
25.01	-4	0.0080
25.01	-4.5	0.0012
25.01	-5	0.0220
25.21	-1	0.0113
25.21	-1.5	0.0047
25.21	-2	0.0069
25.21	-2.5	0.0010
25.21	-3	0.0013
25.21	-3.5	0.0003
25.21	-4	0.0180
25.21	-4.5	0.0011
25.21	-5	0.0174
25.41	-1	0.0025
25.41	-1.5	0.0363
25.41	-2	0.0310
25.41	-2.5	0.0038
25.41	-3	0.0033
25.41	-3.5	0.0009
25.41	-4	0.0014
25.41	-4.5	0.0113
25.41	-5	0.0051
26.01	-1	0.0586
26.01	-1.5	0.0018
26.01	-2	0.0025
26.01	-2.5	0.0067
26.01	-3	0.0320
26.01	-3.5	0.0010
26.01	-4	0.0807
26.01	-4.5	0.0185
26.01	-5	0.0380
26.21	-1	0.0337
26.21	-1.5	0.0033
26.21	-2	0.0209
26.21	-2.5	0.0029
26.21	-3	0.0087
26.21	-3.5	0.0273
26.21	-4	0.0100
26.21	-4.5	0.0315
26.21	-5	0.0073
26.41	-1	0.0204
26.41	-1.5	0.0033
26.41	-2	0.0075
26.41	-2.5	0.0072
26.41	-3	0.0735
26.41	-3.5	0.0086
26.41	-4	0.0040
26.41	-4.5	0.0107
26.41	-5	0.0102
27.01	-1	0.0256
27.01	-1.5	0.0122
27.01	-2	0.0225
27.01	-2.5	0.0062
27.01	-3	0.0031
27.01	-3.5	0.0036
27.01	-4	0.0062
27.01	-4.5	0.0033
27.01	-5	0.0046
27.21	-1	0.0828
27.21	-1.5	0.0065
27.21	-2	0.0091
27.21	-2.5	0.0256
27.21	-3	0.0031
27.21	-3.5	0.0147
27.21	-4	0.0044
27.21	-4.5	0.0080
27.21	-5	0.0037
27.41	-1	0.0054
27.41	-1.5	0.0046
27.41	-2	0.0065
27.41	-2.5	0.0043
27.41	-3	0.0066
27.41	-3.5	0.0063
27.41	-4	0.0017
27.41	-4.5	0.0062
27.41	-5	0.0011
28.01	-1	0.0050
28.01	-1.5	0.0021
28.01	-2	0.0007
28.01	-2.5	0.0014
28.01	-3	0.0032
28.01	-3.5	0.0422
28.01	-4	0.0467
28.01	-4.5	0.0115
28.01	-5	0.0073
28.21	-1	0.0045
28.21	-1.5	0.0111
28.21	-2	0.0614
28.21	-2.5	0.0026
28.21	-3	0.0133
28.21	-3.5	0.0215
28.21	-4	0.0042
28.21	-4.5	0.0865
28.21	-5	0.0406
28.41	-1	0.0265
28.41	-1.5	0.0043
28.41	-2	0.0583
28.41	-2.5	0.0096
28.41	-3	0.0096
28.41	-3.5	0.0005
28.41	-4	0.0021
28.41	-4.5	0.0132
28.41	-5	0.0211
29.01	-1	0.0057
29.01	-1.5	0.0032
29.01	-2	0.0750
29.01	-2.5	0.0008
29.01	-3	0.0034
29.01	-3.5	0.0019
29.01	-4	0.0010
29.01	-4.5	0.0012
29.01	-5	0.0074
29.21	-1	0.1595
29.21	-1.5	0.0233
29.21	-2	0.0019
29.21	-2.5	0.0449
29.21	-3	0.0052
29.21	-3.5	0.0077
29.21	-4	0.0006
29.21	-4.5	0.0146
29.21	-5	0.0114
29.41	-1	0.1104
29.41	-1.5	0.0000
29.41	-2	0.0808
29.41	-2.5	0.0073
29.41	-3	0.0065
29.41	-3.5	0.0036
29.41	-4	0.0051
29.41	-4.5	0.0014
29.41	-5	0.0014
30.01	-1	0.0206
30.01	-1.5	0.0119
30.01	-2	0.0202
30.01	-2.5	0.0492
30.01	-3	0.0032
30.01	-3.5	0.0113
30.01	-4	0.0049
30.01	-4.5	0.0041
30.01	-5	0.0075
30.21	-1	0.0293
30.21	-1.5	0.0138
30.21	-2	0.0114
30.21	-2.5	0.0023
30.21	-3	0.0067
30.21	-3.5	0.1051
30.21	-4	0.0004
30.21	-4.5	0.0090
30.21	-5	0.0008
30.41	-1	0.0078
30.41	-1.5	0.0053
30.41	-2	0.0097
30.41	-2.5	0.0097
30.41	-3	0.0290
30.41	-3.5	0.0178
30.41	-4	0.0026
30.41	-4.5	0.0109
30.41	-5	0.0131
31.01	-1	0.0057
31.01	-1.5	0.0013
31.01	-2	0.0326
31.01	-2.5	0.0030
31.01	-3	0.0755
31.01	-3.5	0.0430
31.01	-4	0.0287
31.01	-4.5	0.0279
31.01	-5	0.0329
31.21	-1	0.0692
31.21	-1.5	0.0956
31.21	-2	0.0071
31.21	-2.5	0.0041
31.21	-3	0.0015
31.21	-3.5	0.0056
31.21	-4	0.0474
31.21	-4.5	0.0048
31.21	-5	0.0010
31.41	-1	0.0038
31.41	-1.5	0.0032
31.41	-2	0.0903
31.41	-2.5	0.0798
31.41	-3	0.0059
31.41	-3.5	0.0039
31.41	-4	0.0377
31.41	-4.5	0.0124
31.41	-5	0.0053
32.01	-1	0.0110
32.01	-1.5	0.0014
32.01	-2	0.0366
32.01	-2.5	0.0401
32.01	-3	0.0019
32.01	-3.5	0.0001
32.01	-4	0.0124
32.01	-4.5	0.0032
32.01	-5	0.0434
32.21	-1	0.0982
32.21	-1.5	0.0062
32.21	-2	0.0048
32.21	-2.5	0.0019
32.21	-3	0.0017
32.21	-3.5	0.0459
32.21	-4	0.0362
32.21	-4.5	0.0011
32.21	-5	0.0015
32.41	-1	0.0087
32.41	-1.5	0.0190
32.41	-2	0.0320
32.41	-2.5	0.0063
32.41	-3	0.0577
32.41	-3.5	0.0054
32.41	-4	0.0006
32.41	-4.5	0.0007
32.41	-5	0.0186
33.01	-1	0.0671
33.01	-1.5	0.0080
33.01	-2	0.0557
33.01	-2.5	0.0156
33.01	-3	0.0080
33.01	-3.5	0.0627
33.01	-4	0.0000
33.01	-4.5	0.0129
33.01	-5	0.0107
33.21	-1	0.0910
33.21	-1.5	0.0398
33.21	-2	0.0014
33.21	-2.5	0.0098
33.21	-3	0.0482
33.21	-3.5	0.0019
33.21	-4	0.0126
33.21	-4.5	0.0038
33.21	-5	0.0047
33.41	-1	0.2551
33.41	-1.5	0.0474
33.41	-2	0.0008
33.41	-2.5	0.0078
33.41	-3	0.0027
33.41	-3.5	0.0037
33.41	-4	0.0091
33.41	-4.5	0.0014
33.41	-5	0.0053
34.01	-1	0.0235
34.01	-1.5	0.0123
34.01	-2	0.0043
34.01	-2.5	0.0323
34.01	-3	0.0627
34.01	-3.5	0.0032
34.01	-4	0.0041
34.01	-4.5	0.0058
34.01	-5	0.0016
34.21	-1	0.0135
34.21	-1.5	0.0125
34.21	-2	0.0285
34.21	-2.5	0.0179
34.21	-3	0.0197
34.21	-3.5	0.0023
34.21	-4	0.0071
34.21	-4.5	0.0058
34.21	-5	0.0062
34.41	-1	0.2581
34.41	-1.5	0.0273
34.41	-2	0.0116
34.41	-2.5	0.0210
34.41	-3	0.0020
34.41	-3.5	0.0117
34.41	-4	0.0016
34.41	-4.5	0.0035
34.41	-5	0.0003
35.01	-1	0.0284
35.01	-1.5	0.1353
35.01	-2	0.0014
35.01	-2.5	0.0195
35.01	-3	0.0133
35.01	-3.5	0.0269
35.01	-4	0.0452
35.01	-4.5	0.0436
35.01	-5	0.0569
35.21	-1	0.0525
35.21	-1.5	0.0224
35.21	-2	0.0120
35.21	-2.5	0.0011
35.21	-3	0.0071
35.21	-3.5	0.0125
35.21	-4	0.0011
35.21	-4.5	0.0171
35.21	-5	0.0212
35.41	-1	0.1851
35.41	-1.5	0.0251
35.41	-2	0.0343
35.41	-2.5	0.0179
35.41	-3	0.0320
35.41	-3.5	0.0007
35.41	-4	0.0156
35.41	-4.5	0.0120
35.41	-5	0.0212
36.01	-1	0.0592
36.01	-1.5	0.0023
36.01	-2	0.0111
36.01	-2.5	0.0010
36.01	-3	0.0404
36.01	-3.5	0.0080
36.01	-4	0.0023
36.01	-4.5	0.0186
36.01	-5	0.0116
36.21	-1	0.0683
36.21	-1.5	0.0030
36.21	-2	0.0447
36.21	-2.5	0.0126
36.21	-3	0.0232
36.21	-3.5	0.0247
36.21	-4	0.0426
36.21	-4.5	0.0043
36.21	-5	0.0075
36.41	-1	0.0746
36.41	-1.5	0.0063
36.41	-2	0.0017
36.41	-2.5	0.0382
36.41	-3	0.0081
36.41	-3.5	0.0086
36.41	-4	0.0191
36.41	-4.5	0.0353
36.41	-5	0.0013
37.01	-1	0.0092
37.01	-1.5	0.0509
37.01	-2	0.0589
37.01	-2.5	0.0268
37.01	-3	0.0103
37.01	-3.5	0.0300
37.01	-4	0.0362
37.01	-4.5	0.0181
37.01	-5	0.0044
37.21	-1	0.0319
37.21	-1.5	0.0120
37.21	-2	0.0041
37.21	-2.5	0.0761
37.21	-3	0.0120
37.21	-3.5	0.0442
37.21	-4	0.0267
37.21	-4.5	0.0157
37.21	-5	0.0176
37.41	-1	0.0455
37.41	-1.5	0.0072
37.41	-2	0.0116
37.41	-2.5	0.0052
37.41	-3	0.0024
37.41	-3.5	0.0245
37.41	-4	0.0345
37.41	-4.5	0.0128
37.41	-5	0.0268
38.01	-1	0.0312
38.01	-1.5	0.0180
38.01	-2	0.0056
38.01	-2.5	0.0068
38.01	-3	0.0025
38.01	-3.5	0.0109
38.01	-4	0.0157
38.01	-4.5	0.0064
38.01	-5	0.0078
38.21	-1	0.0280
38.21	-1.5	0.0256
38.21	-2	0.0003
38.21	-2.5	0.0174
38.21	-3	0.0022
38.21	-3.5	0.0052
38.21	-4	0.0064
38.21	-4.5	0.0135
38.21	-5	0.0371
38.41	-1	0.0558
38.41	-1.5	0.0027
38.41	-2	0.0114
38.41	-2.5	0.0112
38.41	-3	0.0093
38.41	-3.5	0.0337
38.41	-4	0.0117
38.41	-4.5	0.0327
38.41	-5	0.0359
39.01	-1	0.0450
39.01	-1.5	0.0339
39.01	-2	0.0201
39.01	-2.5	0.0200
39.01	-3	0.0367
39.01	-3.5	0.0179
39.01	-4	0.0593
39.01	-4.5	0.0428
39.01	-5	0.0246
39.21	-1	0.0446
39.21	-1.5	0.0117
39.21	-2	0.0181
39.21	-2.5	0.0094
39.21	-3	0.0081
39.21	-3.5	0.0034
39.21	-4	0.0128
39.21	-4.5	0.0035
39.21	-5	0.0030
39.41	-1	0.2048
39.41	-1.5	0.0790
39.41	-2	0.0075
39.41	-2.5	0.0102
39.41	-3	0.0068
39.41	-3.5	0.0474
39.41	-4	0.0127
39.41	-4.5	0.0113
39.41	-5	0.0221
40.01	-1	0.0988
40.01	-1.5	0.0090
40.01	-2	0.0161
40.01	-2.5	0.0189
40.01	-3	0.0248
40.01	-3.5	0.0261
40.01	-4	0.0077
40.01	-4.5	0.0432
40.01	-5	0.0034
40.21	-1	0.0026
40.21	-1.5	0.0047
40.21	-2	0.0256
40.21	-2.5	0.0173
40.21	-3	0.0229
40.21	-3.5	0.0513
40.21	-4	0.0059
40.21	-4.5	0.0117
40.21	-5	0.0108
40.41	-1	0.0256
40.41	-1.5	0.0026
40.41	-2	0.0277
40.41	-2.5	0.0059
40.41	-3	0.0058
40.41	-3.5	0.0026
40.41	-4	0.0027
40.41	-4.5	0.0111
40.41	-5	0.0130
41.01	-1	0.0123
41.01	-1.5	0.0184
41.01	-2	0.0045
41.01	-2.5	0.0442
41.01	-3	0.0018
41.01	-3.5	0.0103
41.01	-4	0.0077
41.01	-4.5	0.0276
41.01	-5	0.0161
41.21	-1	0.0739
41.21	-1.5	0.0184
41.21	-2	0.0024
41.21	-2.5	0.0105
41.21	-3	0.0439
41.21	-3.5	0.0117
41.21	-4	0.0030
41.21	-4.5	0.0072
41.21	-5	0.0055
41.41	-1	0.0328
41.41	-1.5	0.0019
41.41	-2	0.0113
41.41	-2.5	0.0072
41.41	-3	0.0005
41.41	-3.5	0.0040
41.41	-4	0.0111
41.41	-4.5	0.0048
41.41	-5	0.0051
42.01	-1	0.0124
42.01	-1.5	0.0164
42.01	-2	0.0042
42.01	-2.5	0.0233
42.01	-3	0.0173
42.01	-3.5	0.0133
42.01	-4	0.0241
42.01	-4.5	0.0277
42.01	-5	0.0114
42.21	-1	0.1499
42.21	-1.5	0.0683
42.21	-2	0.0027
42.21	-2.5	0.0069
42.21	-3	0.0323
42.21	-3.5	0.0150
42.21	-4	0.0070
42.21	-4.5	0.0021
42.21	-5	0.0082
42.41	-1	0.0772
42.41	-1.5	0.0470
42.41	-2	0.0487
42.41	-2.5	0.0038
42.41	-3	0.0036
42.41	-3.5	0.0145
42.41	-4	0.0022
42.41	-4.5	0.0139
42.41	-5	0.0003
43.01	-1	0.0095
43.01	-1.5	0.0110
43.01	-2	0.0055
43.01	-2.5	0.0057
43.01	-3	0.0289
43.01	-3.5	0.0061
43.01	-4	0.0163
43.01	-4.5	0.0010
43.01	-5	0.0116
43.21	-1	0.0332
43.21	-1.5	0.0012
43.21	-2	0.0167
43.21	-2.5	0.0085
43.21	-3	0.0175
43.21	-3.5	0.0426
43.21	-4	0.0015
43.21	-4.5	0.0109
43.21	-5	0.0019
43.41	-1	0.0392
43.41	-1.5	0.0294
43.41	-2	0.0027
43.41	-2.5	0.0096
43.41	-3	0.0043
43.41	-3.5	0.0067
43.41	-4	0.0065
43.41	-4.5	0.0055
43.41	-5	0.0193
44.01	-1	0.2213
44.01	-1.5	0.0064
44.01	-2	0.0169
44.01	-2.5	0.0241
44.01	-3	0.0285
44.01	-3.5	0.0219
44.01	-4	0.0126
44.01	-4.5	0.0008
44.01	-5	0.0040
44.21	-1	0.1210
44.21	-1.5	0.0628
44.21	-2	0.0192
44.21	-2.5	0.0300
44.21	-3	0.0035
44.21	-3.5	0.0043
44.21	-4	0.0290
44.21	-4.5	0.0053
44.21	-5	0.0513
44.41	-1	0.1616
44.41	-1.5	0.0123
44.41	-2	0.0255
44.41	-2.5	0.0682
44.41	-3	0.0116
44.41	-3.5	0.0150
44.41	-4	0.0061
44.41	-4.5	0.0067
44.41	-5	0.0043
45.01	-1	0.0381
45.01	-1.5	0.0166
45.01	-2	0.0183
45.01	-2.5	0.0700
45.01	-3	0.0434
45.01	-3.5	0.0440
45.01	-4	0.0437
45.01	-4.5	0.0366
45.01	-5	0.0302
45.21	-1	0.0681
45.21	-1.5	0.0324
45.21	-2	0.0407
45.21	-2.5	0.1083
45.21	-3	0.0536
45.21	-3.5	0.0592
45.21	-4	0.0514
45.21	-4.5	0.0049
45.21	-5	0.0301
45.41	-1	0.0916
45.41	-1.5	0.0737
45.41	-2	0.1143
45.41	-2.5	0.0486
45.41	-3	0.1004
45.41	-3.5	0.0243
45.41	-4	0.0084
45.41	-4.5	0.0250
45.41	-5	0.0007
46.01	-1	0.0845
46.01	-1.5	0.0076
46.01	-2	0.0431
46.01	-2.5	0.0296
46.01	-3	0.0222
46.01	-3.5	0.0478
46.01	-4	0.0241
46.01	-4.5	0.0347
46.01	-5	0.0275
46.21	-1	0.0830
46.21	-1.5	0.0701
46.21	-2	0.0598
46.21	-2.5	0.0346
46.21	-3	0.0074
46.21	-3.5	0.0510
46.21	-4	0.0122
46.21	-4.5	0.0017
46.21	-5	0.0529
46.41	-1	0.0982
46.41	-1.5	0.0203
46.41	-2	0.0459
46.41	-2.5	0.0577
46.41	-3	0.0169
46.41	-3.5	0.0013
46.41	-4	0.0061
46.41	-4.5	0.0414
46.41	-5	0.0200
47.01	-1	0.1684
47.01	-1.5	0.0652
47.01	-2	0.0353
47.01	-2.5	0.0660
47.01	-3	0.0034
47.01	-3.5	0.0074
47.01	-4	0.0205
47.01	-4.5	0.0154
47.01	-5	0.0076
47.21	-1	0.0789
47.21	-1.5	0.0106
47.21	-2	0.0054
47.21	-2.5	0.0483
47.21	-3	0.0478
47.21	-3.5	0.0338
47.21	-4	0.0107
47.21	-4.5	0.1283
47.21	-5	0.0786
47.41	-1	0.0290
47.41	-1.5	0.0108
47.41	-2	0.0357
47.41	-2.5	0.0327
47.41	-3	0.0641
47.41	-3.5	0.0373
47.41	-4	0.0134
47.41	-4.5	0.0238
47.41	-5	0.0094
48.01	-1	0.0361
48.01	-1.5	0.0586
48.01	-2	0.0109
48.01	-2.5	0.0181
48.01	-3	0.0002
48.01	-3.5	0.0199
48.01	-4	0.0100
48.01	-4.5	0.0152
48.01	-5	0.0138
48.21	-1	0.0415
48.21	-1.5	0.0151
48.21	-2	0.0023
48.21	-2.5	0.0092
48.21	-3	0.0046
48.21	-3.5	0.0803
48.21	-4	0.0106
48.21	-4.5	0.0595
48.21	-5	0.0073
48.41	-1	0.0073
48.41	-1.5	0.0217
48.41	-2	0.0086
48.41	-2.5	0.0021
48.41	-3	0.0163
48.41	-3.5	0.0756
48.41	-4	0.0023
48.41	-4.5	0.0069
48.41	-5	0.0588
49.01	-1	0.0572
49.01	-1.5	0.0437
49.01	-2	0.0079
49.01	-2.5	0.0029
49.01	-3	0.0116
49.01	-3.5	0.0072
49.01	-4	0.0768
49.01	-4.5	0.0078
49.01	-5	0.0052
49.21	-1	0.0155
49.21	-1.5	0.0246
49.21	-2	0.0512
49.21	-2.5	0.0752
49.21	-3	0.0089
49.21	-3.5	0.0716
49.21	-4	0.0583
49.21	-4.5	0.0003
49.21	-5	0.0021
49.41	-1	0.0219
49.41	-1.5	0.0021
49.41	-2	0.0926
49.41	-2.5	0.0079
49.41	-3	0.0052
49.41	-3.5	0.0069
49.41	-4	0.0071
49.41	-4.5	0.0064
49.41	-5	0.0115
50.01	-1	0.0077
50.01	-1.5	0.0126
50.01	-2	0.0011
50.01	-2.5	0.0324
50.01	-3	0.0056
50.01	-3.5	0.0146
50.01	-4	0.0644
50.01	-4.5	0.0042
50.01	-5	0.0092
50.21	-1	0.0942
50.21	-1.5	0.0663
50.21	-2	0.0511
50.21	-2.5	0.0014
50.21	-3	0.0023
50.21	-3.5	0.0039
50.21	-4	0.0043
50.21	-4.5	0.0775
50.21	-5	0.0040
50.41	-1	0.0913
50.41	-1.5	0.0031
50.41	-2	0.0026
50.41	-2.5	0.0136
50.41	-3	0.0378
50.41	-3.5	0.0452
50.41	-4	0.0504
50.41	-4.5	0.0014
50.41	-5	0.0101
51.01	-1	0.0249
51.01	-1.5	0.0037
51.01	-2	0.0064
51.01	-2.5	0.0076
51.01	-3	0.0083
51.01	-3.5	0.0740
51.01	-4	0.0177
51.01	-4.5	0.0124
51.01	-5	0.0042
51.21	-1	0.0092
51.21	-1.5	0.0525
51.21	-2	0.0090
51.21	-2.5	0.0138
51.21	-3	0.0404
51.21	-3.5	0.0021
51.21	-4	0.0514
51.21	-4.5	0.0048
51.21	-5	0.0145
51.41	-1	0.0046
51.41	-1.5	0.0450
51.41	-2	0.0005
51.41	-2.5	0.0058
51.41	-3	0.0172
51.41	-3.5	0.0877
51.41	-4	0.0523
51.41	-4.5	0.0091
51.41	-5	0.0105
52.01	-1	0.0160
52.01	-1.5	0.0029
52.01	-2	0.0010
52.01	-2.5	0.0173
52.01	-3	0.0025
52.01	-3.5	0.0478
52.01	-4	0.0427
52.01	-4.5	0.0690
52.01	-5	0.0000
52.21	-1	0.0018
52.21	-1.5	0.0035
52.21	-2	0.0497
52.21	-2.5	0.0562
52.21	-3	0.0219
52.21	-3.5	0.0104
52.21	-4	0.0118
52.21	-4.5	0.0463
52.21	-5	0.0365
52.41	-1	0.0143
52.41	-1.5	0.0035
52.41	-2	0.0034
52.41	-2.5	0.0183
52.41	-3	0.0127
52.41	-3.5	0.0044
52.41	-4	0.0435
52.41	-4.5	0.0043
52.41	-5	0.0062
53.01	-1	0.0615
53.01	-1.5	0.0049
53.01	-2	0.0038
53.01	-2.5	0.0055
53.01	-3	0.0099
53.01	-3.5	0.0131
53.01	-4	0.0099
53.01	-4.5	0.0015
53.01	-5	0.0353
53.21	-1	0.0026
53.21	-1.5	0.0076
53.21	-2	0.0102
53.21	-2.5	0.0121
53.21	-3	0.0047
53.21	-3.5	0.0117
53.21	-4	0.0054
53.21	-4.5	0.0123
53.21	-5	0.0077
53.41	-1	0.0497
53.41	-1.5	0.0456
53.41	-2	0.0610
53.41	-2.5	0.0166
53.41	-3	0.0035
53.41	-3.5	0.0061
53.41	-4	0.0083
53.41	-4.5	0.0034
53.41	-5	0.0033
54.01	-1	0.0371
54.01	-1.5	0.0470
54.01	-2	0.0298
54.01	-2.5	0.0460
54.01	-3	0.0806
54.01	-3.5	0.0008
54.01	-4	0.0047
54.01	-4.5	0.0485
54.01	-5	0.0018
54.21	-1	0.0812
54.21	-1.5	0.0222
54.21	-2	0.0617
54.21	-2.5	0.0058
54.21	-3	0.0456
54.21	-3.5	0.0026
54.21	-4	0.0083
54.21	-4.5	0.0022
54.21	-5	0.0060
54.41	-1	0.0928
54.41	-1.5	0.0133
54.41	-2	0.0146
54.41	-2.5	0.0079
54.41	-3	0.0027
54.41	-3.5	0.0018
54.41	-4	0.0027
54.41	-4.5	0.0619
54.41	-5	0.0101
55.01	-1	0.0127
55.01	-1.5	0.0039
55.01	-2	0.0060
55.01	-2.5	0.0002
55.01	-3	0.0007
55.01	-3.5	0.0002
55.01	-4	0.0012
55.01	-4.5	0.0031
55.01	-5	0.0234
55.21	-1	0.0684
55.21	-1.5	0.0037
55.21	-2	0.0767
55.21	-2.5	0.0534
55.21	-3	0.0200
55.21	-3.5	0.0017
55.21	-4	0.0047
55.21	-4.5	0.0110
55.21	-5	0.0006
55.41	-1	0.0713
55.41	-1.5	0.0011
55.41	-2	0.0042
55.41	-2.5	0.0065
55.41	-3	0.0031
55.41	-3.5	0.0036
55.41	-4	0.0100
55.41	-4.5	0.0073
55.41	-5	0.0039
56.01	-1	0.0565
56.01	-1.5	0.0050
56.01	-2	0.0011
56.01	-2.5	0.0014
56.01	-3	0.0062
56.01	-3.5	0.0100
56.01	-4	0.0008
56.01	-4.5	0.0031
56.01	-5	0.0069
56.21	-1	0.0113
56.21	-1.5	0.0094
56.21	-2	0.0503
56.21	-2.5	0.0011
56.21	-3	0.0036
56.21	-3.5	0.0008
56.21	-4	0.0192
56.21	-4.5	0.0012
56.21	-5	0.0039
56.41	-1	0.0006
56.41	-1.5	0.0158
56.41	-2	0.0012
56.41	-2.5	0.0069
56.41	-3	0.0090
56.41	-3.5	0.0400
56.41	-4	0.0088
56.41	-4.5	0.0433
56.41	-5	0.0004
57.01	-1	0.0602
57.01	-1.5	0.0031
57.01	-2	0.0100
57.01	-2.5	0.0104
57.01	-3	0.0483
57.01	-3.5	0.0020
57.01	-4	0.0075
57.01	-4.5	0.0010
57.01	-5	0.0334
57.21	-1	0.0019
57.21	-1.5	0.0012
57.21	-2	0.0004
57.21	-2.5	0.0008
57.21	-3	0.0048
57.21	-3.5	0.0119
57.21	-4	0.0003
57.21	-4.5	0.0074
57.21	-5	0.0050
57.41	-1	0.1138
57.41	-1.5	0.0047
57.41	-2	0.0034
57.41	-2.5	0.0402
57.41	-3	0.0466
57.41	-3.5	0.0335
57.41	-4	0.0033
57.41	-4.5	0.0016
57.41	-5	0.0340
58.01	-1	0.0653
58.01	-1.5	0.0006
58.01	-2	0.0011
58.01	-2.5	0.0047
58.01	-3	0.0101
58.01	-3.5	0.0291
58.01	-4	0.0014
58.01	-4.5	0.0003
58.01	-5	0.0213
58.21	-1	0.0343
58.21	-1.5	0.0573
58.21	-2	0.0115
58.21	-2.5	0.0226
58.21	-3	0.0259
58.21	-3.5	0.0176
58.21	-4	0.0031
58.21	-4.5	0.0066
58.21	-5	0.0001
58.41	-1	0.0941
58.41	-1.5	0.0538
58.41	-2	0.0021
58.41	-2.5	0.0035
58.41	-3	0.0134
58.41	-3.5	0.0033
58.41	-4	0.0078
58.41	-4.5	0.0163
58.41	-5	0.0059
59.01	-1	0.2558
59.01	-1.5	0.0059
59.01	-2	0.0007
59.01	-2.5	0.0043
59.01	-3	0.0010
59.01	-3.5	0.0014
59.01	-4	0.0020
59.01	-4.5	0.0018
59.01	-5	0.0044
59.21	-1	0.0618
59.21	-1.5	0.0734
59.21	-2	0.0402
59.21	-2.5	0.0235
59.21	-3	0.0027
59.21	-3.5	0.0073
59.21	-4	0.0086
59.21	-4.5	0.0052
59.21	-5	0.0026
59.41	-1	0.1568
59.41	-1.5	0.0236
59.41	-2	0.0108
59.41	-2.5	0.0029
59.41	-3	0.0049
59.41	-3.5	0.0060
59.41	-4	0.0097
59.41	-4.5	0.0009
59.41	-5	0.0039
60.01	-1	0.1492
60.01	-1.5	0.0193
60.01	-2	0.0825
60.01	-2.5	0.0147
60.01	-3	0.0002
60.01	-3.5	0.0095
60.01	-4	0.0004
60.01	-4.5	0.0048
60.01	-5	0.0026
60.21	-1	0.0801
60.21	-1.5	0.0552
60.21	-2	0.0438
60.21	-2.5	0.0030
60.21	-3	0.0106
60.21	-3.5	0.0006
60.21	-4	0.0000
60.21	-4.5	0.0745
60.21	-5	0.0503
60.41	-1	0.0047
60.41	-1.5	0.0272
60.41	-2	0.0064
60.41	-2.5	0.0022
60.41	-3	0.0069
60.41	-3.5	0.0192
60.41	-4	0.0082
60.41	-4.5	0.0108
60.41	-5	0.0334
61.01	-1	0.0085
61.01	-1.5	0.0087
61.01	-2	0.0180
61.01	-2.5	0.0059
61.01	-3	0.0320
61.01	-3.5	0.0065
61.01	-4	0.0051
61.01	-4.5	0.0468
61.01	-5	0.0038
61.21	-1	0.0327
61.21	-1.5	0.0635
61.21	-2	0.0004
61.21	-2.5	0.0078
61.21	-3	0.0202
61.21	-3.5	0.0216
61.21	-4	0.0676
61.21	-4.5	0.0024
61.21	-5	0.0092
61.41	-1	0.0171
61.41	-1.5	0.0090
61.41	-2	0.0205
61.41	-2.5	0.0058
61.41	-3	0.0005
61.41	-3.5	0.0002
61.41	-4	0.0270
61.41	-4.5	0.0252
61.41	-5	0.0101
62.01	-1	0.0233
62.01	-1.5	0.0087
62.01	-2	0.0660
62.01	-2.5	0.0071
62.01	-3	0.0245
62.01	-3.5	0.0540
62.01	-4	0.0589
62.01	-4.5	0.0031
62.01	-5	0.0264
62.21	-1	0.0893
62.21	-1.5	0.0457
62.21	-2	0.0458
62.21	-2.5	0.0083
62.21	-3	0.0212
62.21	-3.5	0.0092
62.21	-4	0.0353
62.21	-4.5	0.0440
62.21	-5	0.0302
62.41	-1	0.0275
62.41	-1.5	0.0064
62.41	-2	0.0075
62.41	-2.5	0.0156
62.41	-3	0.0310
62.41	-3.5	0.0208
62.41	-4	0.0506
62.41	-4.5	0.0067
62.41	-5	0.0195
63.01	-1	0.0027
63.01	-1.5	0.0503
63.01	-2	0.0023
63.01	-2.5	0.0256
63.01	-3	0.0367
63.01	-3.5	0.0092
63.01	-4	0.0029
63.01	-4.5	0.0066
63.01	-5	0.0047
63.21	-1	0.0075
63.21	-1.5	0.0071
63.21	-2	0.0192
63.21	-2.5	0.0425
63.21	-3	0.0225
63.21	-3.5	0.0001
63.21	-4	0.0426
63.21	-4.5	0.0050
63.21	-5	0.0035
63.41	-1	0.0461
63.41	-1.5	0.0178
63.41	-2	0.0033
63.41	-2.5	0.0447
63.41	-3	0.0450
63.41	-3.5	0.0001
63.41	-4	0.0316
63.41	-4.5	0.0388
63.41	-5	0.0254
64.01	-1	0.0674
64.01	-1.5	0.0127
64.01	-2	0.0127
64.01	-2.5	0.0250
64.01	-3	0.0357
64.01	-3.5	0.0397
64.01	-4	0.0185
64.01	-4.5	0.0383
64.01	-5	0.0174
64.21	-1	0.0797
64.21	-1.5	0.0285
64.21	-2	0.0055
64.21	-2.5	0.0213
64.21	-3	0.0159
64.21	-3.5	0.0311
64.21	-4	0.0139
64.21	-4.5	0.0202
64.21	-5	0.0248
64.41	-1	0.0270
64.41	-1.5	0.0088
64.41	-2	0.0289
64.41	-2.5	0.0116
64.41	-3	0.0169
64.41	-3.5	0.0110
64.41	-4	0.0114
64.41	-4.5	0.0113
64.41	-5	0.0168
65.01	-1	0.0419
65.01	-1.5	0.0046
65.01	-2	0.0150
65.01	-2.5	0.0167
65.01	-3	0.0029
65.01	-3.5	0.0103
65.01	-4	0.0252
65.01	-4.5	0.0147
65.01	-5	0.0053
65.21	-1	0.0331
65.21	-1.5	0.0250
65.21	-2	0.0162
65.21	-2.5	0.0238
65.21	-3	0.0253
65.21	-3.5	0.0170
65.21	-4	0.0046
65.21	-4.5	0.0020
65.21	-5	0.0010
65.41	-1	0.0370
65.41	-1.5	0.0068
65.41	-2	0.0397
65.41	-2.5	0.0504
65.41	-3	0.0195
65.41	-3.5	0.0013
65.41	-4	0.0239
65.41	-4.5	0.0008
65.41	-5	0.0018
66.01	-1	0.0465
66.01	-1.5	0.0241
66.01	-2	0.0236
66.01	-2.5	0.0008
66.01	-3	0.0121
66.01	-3.5	0.0077
66.01	-4	0.0243
66.01	-4.5	0.0097
66.01	-5	0.0260
66.21	-1	0.0314
66.21	-1.5	0.0067
66.21	-2	0.0638
66.21	-2.5	0.0494
66.21	-3	0.0090
66.21	-3.5	0.0044
66.21	-4	0.0051
66.21	-4.5	0.0524
66.21	-5	0.0471
66.41	-1	0.0547
66.41	-1.5	0.0627
66.41	-2	0.0854
66.41	-2.5	0.0182
66.41	-3	0.0342
66.41	-3.5	0.0379
66.41	-4	0.0063
66.41	-4.5	0.0332
66.41	-5	0.0011
67.01	-1	0.0006
67.01	-1.5	0.0087
67.01	-2	0.0648
67.01	-2.5	0.0236
67.01	-3	0.0059
67.01	-3.5	0.0186
67.01	-4	0.0060
67.01	-4.5	0.0032
67.01	-5	0.0012
67.21	-1	0.0143
67.21	-1.5	0.0033
67.21	-2	0.0407
67.21	-2.5	0.0178
67.21	-3	0.0048
67.21	-3.5	0.0144
67.21	-4	0.0307
67.21	-4.5	0.0112
67.21	-5	0.0300
67.41	-1	0.1486
67.41	-1.5	0.0062
67.41	-2	0.0106
67.41	-2.5	0.0027
67.41	-3	0.0417
67.41	-3.5	0.0043
67.41	-4	0.0224
67.41	-4.5	0.0022
67.41	-5	0.0216
68.01	-1	0.0097
68.01	-1.5	0.0027
68.01	-2	0.0218
68.01	-2.5	0.0036
68.01	-3	0.0133
68.01	-3.5	0.0064
68.01	-4	0.0186
68.01	-4.5	0.0207
68.01	-5	0.0026
68.21	-1	0.0017
68.21	-1.5	0.0000
68.21	-2	0.0019
68.21	-2.5	0.0034
68.21	-3	0.0163
68.21	-3.5	0.0122
68.21	-4	0.0064
68.21	-4.5	0.0113
68.21	-5	0.0106
68.41	-1	0.0543
68.41	-1.5	0.0218
68.41	-2	0.0564
68.41	-2.5	0.0431
68.41	-3	0.0169
68.41	-3.5	0.0291
68.41	-4	0.0386
68.41	-4.5	0.0037
68.41	-5	0.0197
69.01	-1	0.1001
69.01	-1.5	0.0051
69.01	-2	0.0860
69.01	-2.5	0.0218
69.01	-3	0.0718
69.01	-3.5	0.0057
69.01	-4	0.0175
69.01	-4.5	0.0309
69.01	-5	0.0091
69.21	-1	0.0132
69.21	-1.5	0.0054
69.21	-2	0.0349
69.21	-2.5	0.0224
69.21	-3	0.0193
69.21	-3.5	0.0316
69.21	-4	0.0266
69.21	-4.5	0.0028
69.21	-5	0.0051
69.41	-1	0.0512
69.41	-1.5	0.0454
69.41	-2	0.0436
69.41	-2.5	0.0380
69.41	-3	0.0460
69.41	-3.5	0.0133
69.41	-4	0.0083
69.41	-4.5	0.0197
69.41	-5	0.0328
70.01	-1	0.0621
70.01	-1.5	0.0023
70.01	-2	0.0037
70.01	-2.5	0.0162
70.01	-3	0.0069
70.01	-3.5	0.0408
70.01	-4	0.0199
70.01	-4.5	0.0114
70.01	-5	0.0373
70.21	-1	0.0150
70.21	-1.5	0.0208
70.21	-2	0.0372
70.21	-2.5	0.0037
70.21	-3	0.0004
70.21	-3.5	0.0208
70.21	-4	0.0070
70.21	-4.5	0.0334
70.21	-5	0.0000
70.41	-1	0.0019
70.41	-1.5	0.0037
70.41	-2	0.0246
70.41	-2.5	0.0116
70.41	-3	0.0387
70.41	-3.5	0.0002
70.41	-4	0.0304
70.41	-4.5	0.0106
70.41	-5	0.0000
71.01	-1	0.0750
71.01	-1.5	0.0006
71.01	-2	0.0683
71.01	-2.5	0.0441
71.01	-3	0.0040
71.01	-3.5	0.0650
71.01	-4	0.0285
71.01	-4.5	0.0290
71.01	-5	0.0440
71.21	-1	0.0471
71.21	-1.5	0.0156
71.21	-2	0.0252
71.21	-2.5	0.0170
71.21	-3	0.0471
71.21	-3.5	0.0060
71.21	-4	0.0054
71.21	-4.5	0.0145
71.21	-5	0.0153
71.41	-1	0.0225
71.41	-1.5	0.0237
71.41	-2	0.0009
71.41	-2.5	0.0055
71.41	-3	0.0304
71.41	-3.5	0.0021
71.41	-4	0.0311
71.41	-4.5	0.0357
71.41	-5	0.0014
72.01	-1	0.0411
72.01	-1.5	0.0490
72.01	-2	0.0089
72.01	-2.5	0.0246
72.01	-3	0.0062
72.01	-3.5	0.0582
72.01	-4	0.0091
72.01	-4.5	0.0022
72.01	-5	0.0018
72.21	-1	0.0279
72.21	-1.5	0.0028
72.21	-2	0.0026
72.21	-2.5	0.0224
72.21	-3	0.0103
72.21	-3.5	0.0032
72.21	-4	0.0213
72.21	-4.5	0.0038
72.21	-5	0.0232
72.41	-1	0.0116
72.41	-1.5	0.0023
72.41	-2	0.0030
72.41	-2.5	0.0289
72.41	-3	0.0142
72.41	-3.5	0.0053
72.41	-4	0.0023
72.41	-4.5	0.0255
72.41	-5	0.0112
73.01	-1	0.0260
73.01	-1.5	0.0049
73.01	-2	0.0095
73.01	-2.5	0.0038
73.01	-3	0.0062
73.01	-3.5	0.0428
73.01	-4	0.0087
73.01	-4.5	0.0030
73.01	-5	0.0062
73.21	-1	0.0121
73.21	-1.5	0.0113
73.21	-2	0.0043
73.21	-2.5	0.0221
73.21	-3	0.0304
73.21	-3.5	0.0140
73.21	-4	0.0263
73.21	-4.5	0.0040
73.21	-5	0.0133
73.41	-1	0.0070
73.41	-1.5	0.0112
73.41	-2	0.0013
73.41	-2.5	0.0111
73.41	-3	0.0082
73.41	-3.5	0.0103
73.41	-4	0.0294
73.41	-4.5	0.0006
73.41	-5	0.0008
74.01	-1	0.0098
74.01	-1.5	0.0010
74.01	-2	0.0117
74.01	-2.5	0.0074
74.01	-3	0.0025
74.01	-3.5	0.0128
74.01	-4	0.0205
74.01	-4.5	0.0188
74.01	-5	0.0343
74.21	-1	0.0020
74.21	-1.5	0.0140
74.21	-2	0.0368
74.21	-2.5	0.0109
74.21	-3	0.0247
74.21	-3.5	0.0107
74.21	-4	0.0208
74.21	-4.5	0.0370
74.21	-5	0.1038
74.41	-1	0.0863
74.41	-1.5	0.0031
74.41	-2	0.0086
74.41	-2.5	0.0316
74.41	-3	0.0171
74.41	-3.5	0.0065
74.41	-4	0.0303
74.41	-4.5	0.0046
74.41	-5	0.0262
75.01	-1	0.0384
75.01	-1.5	0.0180
75.01	-2	0.0273
75.01	-2.5	0.0163
75.01	-3	0.0248
75.01	-3.5	0.0139
75.01	-4	0.0203
75.01	-4.5	0.0137
75.01	-5	0.0060
75.21	-1	0.0188
75.21	-1.5	0.0093
75.21	-2	0.0046
75.21	-2.5	0.0187
75.21	-3	0.0090
75.21	-3.5	0.0031
75.21	-4	0.0187
75.21	-4.5	0.0035
75.21	-5	0.0417
75.41	-1	0.0137
75.41	-1.5	0.0082
75.41	-2	0.0272
75.41	-2.5	0.0016
75.41	-3	0.0005
75.41	-3.5	0.0648
75.41	-4	0.0134
75.41	-4.5	0.0474
75.41	-5	0.0254
76.01	-1	0.0137
76.01	-1.5	0.0063
76.01	-2	0.0079
76.01	-2.5	0.0175
76.01	-3	0.0267
76.01	-3.5	0.0256
76.01	-4	0.0176
76.01	-4.5	0.0103
76.01	-5	0.0086
76.21	-1	0.0145
76.21	-1.5	0.0021
76.21	-2	0.0139
76.21	-2.5	0.0054
76.21	-3	0.0058
76.21	-3.5	0.0085
76.21	-4	0.0044
76.21	-4.5	0.0968
76.21	-5	0.0066
76.41	-1	0.0107
76.41	-1.5	0.0222
76.41	-2	0.0232
76.41	-2.5	0.0031
76.41	-3	0.0085
76.41	-3.5	0.0627
76.41	-4	0.0170
76.41	-4.5	0.0233
76.41	-5	0.0245
77.01	-1	0.0727
77.01	-1.5	0.0595
77.01	-2	0.0106
77.01	-2.5	0.0048
77.01	-3	0.0073
77.01	-3.5	0.0051
77.01	-4	0.0020
77.01	-4.5	0.0023
77.01	-5	0.0464
77.21	-1	0.0242
77.21	-1.5	0.0203
77.21	-2	0.0131
77.21	-2.5	0.0022
77.21	-3	0.0023
77.21	-3.5	0.0127
77.21	-4	0.0186
77.21	-4.5	0.0033
77.21	-5	0.0279
77.41	-1	0.0195
77.41	-1.5	0.0036
77.41	-2	0.0246
77.41	-2.5	0.0000
77.41	-3	0.0055
77.41	-3.5	0.0027
77.41	-4	0.0060
77.41	-4.5	0.0208
77.41	-5	0.0023
78.01	-1	0.0104
78.01	-1.5	0.0080
78.01	-2	0.0081
78.01	-2.5	0.0003
78.01	-3	0.0265
78.01	-3.5	0.0019
78.01	-4	0.0003
78.01	-4.5	0.0278
78.01	-5	0.0267
78.21	-1	0.0477
78.21	-1.5	0.0038
78.21	-2	0.0131
78.21	-2.5	0.0064
78.21	-3	0.0265
78.21	-3.5	0.0073
78.21	-4	0.0021
78.21	-4.5	0.0006
78.21	-5	0.0104
78.41	-1	0.0064
78.41	-1.5	0.0146
78.41	-2	0.0189
78.41	-2.5	0.0050
78.41	-3	0.0213
78.41	-3.5	0.0078
78.41	-4	0.0269
78.41	-4.5	0.0038
78.41	-5	0.0286
79.01	-1	0.0311
79.01	-1.5	0.0066
79.01	-2	0.0059
79.01	-2.5	0.0324
79.01	-3	0.0145
79.01	-3.5	0.0075
79.01	-4	0.0042
79.01	-4.5	0.0381
79.01	-5	0.0461
79.21	-1	0.0107
79.21	-1.5	0.0037
79.21	-2	0.0000
79.21	-2.5	0.0018
79.21	-3	0.0015
79.21	-3.5	0.0012
79.21	-4	0.0114
79.21	-4.5	0.0052
79.21	-5	0.0381
79.41	-1	0.0105
79.41	-1.5	0.0359
79.41	-2	0.0323
79.41	-2.5	0.0026
79.41	-3	0.0237
79.41	-3.5	0.0029
79.41	-4	0.0265
79.41	-4.5	0.0085
79.41	-5	0.0176
80.01	-1	0.0135
80.01	-1.5	0.0536
80.01	-2	0.0340
80.01	-2.5	0.0014
80.01	-3	0.0465
80.01	-3.5	0.0512
80.01	-4	0.0365
80.01	-4.5	0.0247
80.01	-5	0.0112
80.21	-1	0.0093
80.21	-1.5	0.0281
80.21	-2	0.0237
80.21	-2.5	0.0383
80.21	-3	0.0012
80.21	-3.5	0.0025
80.21	-4	0.0043
80.21	-4.5	0.0006
80.21	-5	0.0049
80.41	-1	0.0318
80.41	-1.5	0.0389
80.41	-2	0.0058
80.41	-2.5	0.0496
80.41	-3	0.0241
80.41	-3.5	0.0106
80.41	-4	0.0011
80.41	-4.5	0.0329
80.41	-5	0.0232
81.01	-1	0.0120
81.01	-1.5	0.0116
81.01	-2	0.0139
81.01	-2.5	0.0222
81.01	-3	0.0350
81.01	-3.5	0.0246
81.01	-4	0.0009
81.01	-4.5	0.0164
81.01	-5	0.0243
81.21	-1	0.0017
81.21	-1.5	0.0842
81.21	-2	0.0014
81.21	-2.5	0.0247
81.21	-3	0.0231
81.21	-3.5	0.0001
81.21	-4	0.0232
81.21	-4.5	0.0306
81.21	-5	0.0056
81.41	-1	0.1049
81.41	-1.5	0.0129
81.41	-2	0.0200
81.41	-2.5	0.0118
81.41	-3	0.0058
81.41	-3.5	0.0039
81.41	-4	0.0021
81.41	-4.5	0.0242
81.41	-5	0.0051
82.01	-1	0.0757
82.01	-1.5	0.1190
82.01	-2	0.0282
82.01	-2.5	0.0506
82.01	-3	0.0443
82.01	-3.5	0.0326
82.01	-4	0.0037
82.01	-4.5	0.0088
82.01	-5	0.0116
