"Contour Data = Velocity Magnitude mm/s"
"C:\Users\sk\Google Диск\sc\2021\kerch_082021\ADCP300\BS21_000.000"
"Broadband 307.2 kHz"
"Pings/Ens ="	50
"Time/Ping = 00:24.00"
"First Ensemble Date = 21/08/09"
"First Ensemble Time = 15:01:34.23"
"Ensemble Interval (s) = "	1200,00
"1st Bin Range (m) = "	2,74
"Bin Size (m) ="	0,50

Ens	YR	MO	DA	HH	MM	SS	HH		1	2	3	4	5	6	7	8	9


9	21	08	09	15	01	34	23		187	101	533	290	168	161	284	200	245
10	21	08	09	15	21	34	23		97	129	55	140	191	75	82	353	179
11	21	08	09	15	41	34	23		154	128	201	161	129	62	206	118	87
12	21	08	09	16	01	34	23		72	165	191	134	137	42	73	80	467
13	21	08	09	16	21	34	23		68	93	107	44	154	166	129	121	170
14	21	08	09	16	41	34	23		222	256	64	67	198	112	99	102	234
15	21	08	09	17	01	34	23		289	161	17	122	35	132	22	297	150
16	21	08	09	17	21	34	23		188	147	99	30	140	36	67	26	301
17	21	08	09	17	41	34	23		64	201	209	129	100	252	151	78	192
18	21	08	09	18	01	34	23		143	97	107	81	46	178	198	310	63
19	21	08	09	18	21	34	23		169	148	284	51	56	67	88	31	320
20	21	08	09	18	41	34	23		150	169	120	83	103	15	18	157	270
21	21	08	09	19	01	34	23		193	121	231	139	220	122	78	52	337
22	21	08	09	19	21	34	23		328	93	26	45	105	13	133	72	222
23	21	08	09	19	41	34	23		104	144	129	166	118	201	175	59	273
24	21	08	09	20	01	34	23		138	83	117	67	89	50	41	200	115
25	21	08	09	20	21	34	23		120	53	53	44	210	100	106	41	250
26	21	08	09	20	41	34	23		214	61	74	148	128	116	277	156	322
27	21	08	09	21	01	34	23		30	298	68	87	195	114	249	182	322
28	21	08	09	21	21	34	23		99	44	203	99	83	157	325	178	109
29	21	08	09	21	41	34	23		59	143	98	170	100	116	230	102	257
30	21	08	09	22	01	34	23		199	91	188	100	62	121	280	157	157
31	21	08	09	22	21	34	23		161	199	37	128	179	36	28	94	57
32	21	08	09	22	41	34	23		385	253	184	147	244	110	68	87	218
33	21	08	09	23	01	34	23		220	332	187	30	39	194	132	191	232
34	21	08	09	23	21	34	23		216	302	303	347	138	116	33	97	273
35	21	08	09	23	41	34	23		75	93	264	167	209	99	134	212	245
36	21	08	10	00	01	34	23		161	237	222	259	120	204	111	124	98
37	21	08	10	00	21	34	23		187	136	94	61	208	36	90	117	401
38	21	08	10	00	41	34	23		178	197	120	340	115	201	120	101	194
39	21	08	10	01	01	34	23		225	96	185	259	148	103	43	198	265
40	21	08	10	01	21	34	23		215	138	170	156	140	108	50	84	138
41	21	08	10	01	41	34	23		117	290	172	133	70	118	92	112	273
42	21	08	10	02	01	34	23		114	299	238	113	95	118	138	81	171
43	21	08	10	02	21	34	23		182	92	293	78	25	107	65	108	115
44	21	08	10	02	41	34	23		159	151	310	183	221	150	102	218	209
45	21	08	10	03	01	34	23		152	237	195	140	28	176	66	304	295
46	21	08	10	03	21	34	23		266	215	114	223	85	103	140	196	269
47	21	08	10	03	41	34	23		222	158	276	185	132	135	241	183	71
48	21	08	10	04	01	34	23		187	167	138	129	167	110	86	174	278
49	21	08	10	04	21	34	23		171	247	156	81	171	122	184	136	90
50	21	08	10	04	41	34	23		216	98	43	237	197	55	171	38	363
51	21	08	10	05	01	34	23		114	117	98	93	212	105	217	288	202
52	21	08	10	05	21	34	23		184	57	101	106	120	131	9	75	488
53	21	08	10	05	41	34	23		93	124	234	140	133	253	237	126	322
54	21	08	10	06	01	34	23		156	142	204	153	178	147	332	426	204
55	21	08	10	06	21	34	23		84	93	106	316	121	58	233	155	106
56	21	08	10	06	41	34	23		173	66	94	202	92	124	40	72	150
57	21	08	10	07	01	34	23		97	86	83	126	219	77	97	84	301
58	21	08	10	07	21	34	23		106	134	146	373	188	170	67	282	210
59	21	08	10	07	41	34	23		140	276	109	109	170	242	264	162	47
60	21	08	10	08	01	34	23		138	83	37	56	93	117	121	6	244
61	21	08	10	08	21	34	23		51	103	103	145	69	48	144	188	313
62	21	08	10	08	41	34	23		252	46	210	357	184	184	91	327	158
63	21	08	10	09	01	34	23		73	51	175	184	62	318	161	187	198
64	21	08	10	09	21	34	23		30	71	258	176	154	258	80	116	259
65	21	08	10	09	41	34	23		74	70	221	149	66	204	211	145	811
66	21	08	10	10	01	34	23		148	91	141	266	181	114	308	181	136
67	21	08	10	10	21	34	23		103	117	68	115	87	352	126	57	82
68	21	08	10	10	41	34	23		11	128	62	316	157	132	36	97	761
69	21	08	10	11	01	34	23		255	164	129	101	142	148	119	425	92
70	21	08	10	11	21	34	23		69	157	13	192	118	75	273	83	218
71	21	08	10	11	41	34	23		94	124	94	34	223	103	197	206	534
72	21	08	10	12	01	34	23		153	88	95	110	117	18	191	94	186
73	21	08	10	12	21	34	23		119	64	167	148	144	99	314	69	217
74	21	08	10	12	41	34	23		140	120	133	72	42	209	348	153	229
75	21	08	10	13	01	34	23		73	317	113	93	123	165	184	160	419
76	21	08	10	13	21	34	23		96	88	187	244	77	219	37	98	106
77	21	08	10	13	41	34	23		145	38	181	82	170	36	289	206	164
78	21	08	10	14	01	34	23		70	28	96	98	223	96	96	188	205
79	21	08	10	14	21	34	23		109	178	62	51	123	50	127	276	107
80	21	08	10	14	41	34	23		124	99	115	126	27	132	74	37	179
81	21	08	10	15	01	34	23		129	294	357	90	109	166	89	120	609
82	21	08	10	15	21	34	23		42	32	131	31	152	159	199	217	414
83	21	08	10	15	41	34	23		123	64	110	169	82	84	96	228	741
84	21	08	10	16	01	34	23		30	223	31	123	89	169	170	58	321
85	21	08	10	16	21	34	23		101	150	18	257	132	116	78	189	84
86	21	08	10	16	41	34	23		129	53	57	39	76	147	259	99	474
87	21	08	10	17	01	34	23		62	98	110	202	165	138	263	55	181
88	21	08	10	17	21	34	23		93	126	136	138	129	72	143	53	218
89	21	08	10	17	41	34	23		138	101	209	84	90	23	104	51	149
90	21	08	10	18	01	34	23		41	109	86	108	68	68	200	144	40
91	21	08	10	18	21	34	23		60	47	34	56	154	57	32	260	623
92	21	08	10	18	41	34	23		100	112	136	49	149	55	160	208	737
93	21	08	10	19	01	34	23		38	26	244	226	87	220	68	162	69
94	21	08	10	19	21	34	23		51	132	165	126	270	257	220	83	112
95	21	08	10	19	41	34	23		65	61	159	90	54	259	103	89	129
96	21	08	10	20	01	34	23		22	6	37	74	91	112	89	44	737
97	21	08	10	20	21	34	23		150	81	98	161	11	116	221	183	350
98	21	08	10	20	41	34	23		161	22	117	198	236	201	79	261	503
99	21	08	10	21	01	34	23		110	114	148	161	136	214	152	142	143
100	21	08	10	21	21	34	23		125	105	256	317	281	545	170	177	348
101	21	08	10	21	41	34	23		86	209	26	137	414	194	551	371	390
102	21	08	10	22	01	34	23		197	132	178	377	111	124	226	98	480
103	21	08	10	22	21	34	23		182	34	103	207	211	134	260	333	377
104	21	08	10	22	41	34	23		92	164	246	66	131	349	243	158	458
105	21	08	10	23	01	34	23		87	85	83	127	91	315	194	338	808
106	21	08	10	23	21	34	23		247	369	43	201	244	233	52	69	375
107	21	08	10	23	41	34	23		66	274	107	222	290	222	325	141	296
108	21	08	11	00	01	34	23		103	53	237	112	13	81	65	205	210
109	21	08	11	00	21	34	23		197	176	149	231	144	112	56	176	132
110	21	08	11	00	41	34	23		187	110	226	226	67	176	287	87	97
111	21	08	11	01	01	34	23		261	253	224	231	289	107	141	144	170
112	21	08	11	01	21	34	23		67	90	202	213	104	230	159	71	378
113	21	08	11	01	41	34	23		195	134	73	125	110	56	291	121	438
114	21	08	11	02	01	34	23		110	208	209	62	84	97	73	112	184
115	21	08	11	02	21	34	23		99	235	63	197	8	231	147	209	326
116	21	08	11	02	41	34	23		129	33	155	140	126	273	187	50	432
117	21	08	11	03	01	34	23		131	234	59	214	136	105	222	263	82
118	21	08	11	03	21	34	23		48	61	167	171	120	251	28	151	73
119	21	08	11	03	41	34	23		114	40	170	255	331	101	45	137	79
120	21	08	11	04	01	34	23		203	213	145	144	81	228	25	76	47
121	21	08	11	04	21	34	23		163	140	59	47	65	172	165	152	455
122	21	08	11	04	41	34	23		41	133	143	107	42	88	87	67	91
123	21	08	11	05	01	34	23		130	182	168	202	32	144	141	74	355
124	21	08	11	05	21	34	23		112	148	111	130	189	336	159	58	370
125	21	08	11	05	41	34	23		126	112	188	51	131	153	194	142	324
126	21	08	11	06	01	34	23		100	138	104	66	235	144	102	146	332
127	21	08	11	06	21	34	23		182	116	28	185	142	139	177	117	432
128	21	08	11	06	41	34	23		40	182	86	64	85	55	142	173	283
129	21	08	11	07	01	34	23		71	93	75	34	134	177	216	259	202
130	21	08	11	07	21	34	23		212	151	180	21	79	160	225	29	199
131	21	08	11	07	41	34	23		35	149	152	129	107	204	72	117	236
132	21	08	11	08	01	34	23		71	57	28	172	108	136	188	33	328
133	21	08	11	08	21	34	23		141	106	55	84	156	180	144	241	88
134	21	08	11	08	41	34	23		71	131	133	122	231	132	148	170	87
135	21	08	11	09	01	34	23		103	44	243	204	140	281	196	143	188
136	21	08	11	09	21	34	23		107	124	172	183	68	105	101	107	137
137	21	08	11	09	41	34	23		100	98	117	100	133	115	107	161	324
138	21	08	11	10	01	34	23		61	68	44	87	158	89	133	98	201
139	21	08	11	10	21	34	23		99	64	37	61	86	202	39	222	105
140	21	08	11	10	41	34	23		164	65	160	194	97	100	111	161	418
141	21	08	11	11	01	34	23		152	108	141	33	39	130	135	106	734
142	21	08	11	11	21	34	23		238	122	37	87	108	70	117	214	539
143	21	08	11	11	41	34	23		133	180	34	101	81	60	105	394	529
144	21	08	11	12	01	34	23		124	127	30	156	113	51	238	339	440
145	21	08	11	12	21	34	23		154	224	60	61	37	74	128	164	296
146	21	08	11	12	41	34	23		105	56	39	64	83	31	89	89	196
147	21	08	11	13	01	34	23		121	136	97	21	183	20	55	32	112
148	21	08	11	13	21	34	23		36	21	326	99	148	116	86	202	131
149	21	08	11	13	41	34	23		102	88	246	6	42	62	151	27	234
150	21	08	11	14	01	34	23		168	14	275	273	161	40	312	140	97
151	21	08	11	14	21	34	23		112	165	141	28	105	36	257	310	374
152	21	08	11	14	41	34	23		134	36	191	98	125	122	114	54	91
153	21	08	11	15	01	34	23		66	24	51	28	110	90	41	150	134
154	21	08	11	15	21	34	23		120	127	127	8	78	123	75	214	98
155	21	08	11	15	41	34	23		76	118	94	101	135	163	122	57	141
156	21	08	11	16	01	34	23		79	159	91	139	147	93	107	67	221
157	21	08	11	16	21	34	23		85	77	46	106	135	112	85	248	359
158	21	08	11	16	41	34	23		51	35	50	66	49	64	135	33	110
159	21	08	11	17	01	34	23		53	54	75	103	29	50	47	57	165
160	21	08	11	17	21	34	23		25	9	17	92	147	96	73	100	279
161	21	08	11	17	41	34	23		102	60	72	93	79	150	156	21	132
162	21	08	11	18	01	34	23		134	51	210	61	95	76	79	141	181
163	21	08	11	18	21	34	23		161	195	15	56	26	212	306	47	331
164	21	08	11	18	41	34	23		71	96	64	116	108	128	370	235	164
165	21	08	11	19	01	34	23		22	44	72	111	92	88	215	198	296
166	21	08	11	19	21	34	23		93	86	90	61	88	96	139	35	42
167	21	08	11	19	41	34	23		72	70	66	32	122	55	66	110	423
168	21	08	11	20	01	34	23		65	60	64	75	117	28	243	108	87
169	21	08	11	20	21	34	23		82	33	27	45	56	41	121	135	96
170	21	08	11	20	41	34	23		115	94	127	98	49	139	165	81	208
171	21	08	11	21	01	34	23		56	128	59	36	237	68	250	181	322
172	21	08	11	21	21	34	23		197	32	133	108	100	100	111	115	280
173	21	08	11	21	41	34	23		102	133	108	45	145	122	151	140	179
174	21	08	11	22	01	34	23		115	61	133	161	191	437	187	141	191
175	21	08	11	22	21	34	23		51	109	153	76	123	124	110	65	228
176	21	08	11	22	41	34	23		35	102	103	43	112	41	105	93	235
177	21	08	11	23	01	34	23		126	102	94	188	234	146	202	68	239
178	21	08	11	23	21	34	23		228	120	206	128	163	144	78	93	309
179	21	08	11	23	41	34	23		55	168	195	140	97	130	128	82	228
180	21	08	12	00	01	34	23		105	55	193	168	134	134	98	304	249
181	21	08	12	00	21	34	23		106	94	267	34	89	64	12	64	243
182	21	08	12	00	41	34	23		34	110	143	21	46	99	58	29	80
183	21	08	12	01	01	34	23		19	233	143	166	41	188	48	84	126
184	21	08	12	01	21	34	23		64	32	102	49	202	64	85	39	189
185	21	08	12	01	41	34	23		75	99	86	52	100	110	89	180	48
186	21	08	12	02	01	34	23		122	57	125	127	65	132	145	56	35
187	21	08	12	02	21	34	23		357	115	64	56	83	36	114	41	179
188	21	08	12	02	41	34	23		149	21	103	175	186	96	68	54	247
189	21	08	12	03	01	34	23		107	43	58	88	152	133	236	95	162
190	21	08	12	03	21	34	23		120	166	69	32	191	84	128	102	179
191	21	08	12	03	41	34	23		344	159	47	206	66	177	141	89	526
192	21	08	12	04	01	34	23		84	86	205	78	78	231	102	127	154
193	21	08	12	04	21	34	23		194	283	141	249	47	58	122	59	77
194	21	08	12	04	41	34	23		84	87	76	179	93	146	75	107	84
195	21	08	12	05	01	34	23		136	13	52	66	90	43	46	173	236
196	21	08	12	05	21	34	23		99	27	67	41	46	45	47	73	231
197	21	08	12	05	41	34	23		97	81	66	112	95	49	176	143	121
198	21	08	12	06	01	34	23		78	79	43	54	84	134	166	31	182
199	21	08	12	06	21	34	23		64	17	99	70	92	47	49	88	192
200	21	08	12	06	41	34	23		92	61	82	166	61	70	62	50	25
201	21	08	12	07	01	34	23		141	113	61	27	65	109	24	29	132
202	21	08	12	07	21	34	23		131	19	52	77	126	88	114	105	195
203	21	08	12	07	41	34	23		55	49	80	11	70	119	102	149	138
204	21	08	12	08	01	34	23		66	146	107	157	157	35	127	162	112
205	21	08	12	08	21	34	23		61	27	108	8	96	114	72	103	319
206	21	08	12	08	41	34	23		87	99	48	32	84	177	52	153	210
207	21	08	12	09	01	34	23		70	54	145	74	108	86	52	79	54
208	21	08	12	09	21	34	23		100	93	75	128	78	75	277	245	49
209	21	08	12	09	41	34	23		44	143	32	53	20	48	159	77	305
210	21	08	12	10	01	34	23		40	50	61	117	166	168	88	349	257